%time,field.header.seq,field.header.stamp,field.header.frame_id,field.pose.position.x,field.pose.position.y,field.pose.position.z,field.pose.orientation.x,field.pose.orientation.y,field.pose.orientation.z,field.pose.orientation.w
1555362556637356807,32958,1555362556637356807,world,-2.89779090881,-0.815411806107,0.797135353088,-0.706447660923,0.161872640252,-0.321523934603,0.609386086464
1555362556647736247,32959,1555362556647736247,world,-2.89782142639,-0.815436124802,0.797301054001,-0.706348896027,0.16191393137,-0.321553349495,0.60947394371
1555362556657092597,32960,1555362556657092597,world,-2.89785003662,-0.815393209457,0.797348737717,-0.706426918507,0.161402612925,-0.321331202984,0.609636425972
1555362556667450830,32961,1555362556667450830,world,-2.89782047272,-0.815410375595,0.797260761261,-0.706463098526,0.161890804768,-0.321546912193,0.609351158142
1555362556676699286,32962,1555362556676699286,world,-2.89778709412,-0.815372228622,0.797089338303,-0.706412792206,0.162215352058,-0.321675300598,0.609255313873
1555362556676744006,32963,1555362556676744006,world,-2.89775657654,-0.81548333168,0.797051429749,-0.706362605095,0.162908419967,-0.322413772345,0.608738124371
1555362556687053851,32964,1555362556687053851,world,-2.89784049988,-0.815384864807,0.797242164612,-0.706233680248,0.161795243621,-0.321542114019,0.609645068645
1555362556697444604,32965,1555362556697444604,world,-2.89786529541,-0.81539940834,0.797285079956,-0.706236839294,0.161597490311,-0.321442604065,0.609746217728
1555362556706687065,32966,1555362556706687065,world,-2.89789295197,-0.815362691879,0.797293663025,-0.706274151802,0.161133274436,-0.321121186018,0.60999506712
1555362556717079438,32967,1555362556717079438,world,-2.89782333374,-0.815476179123,0.797135353088,-0.706387221813,0.162248954177,-0.322001069784,0.609104096889
1555362556717121281,32968,1555362556717121281,world,-2.89781570435,-0.815463542938,0.797063112259,-0.706443548203,0.162129402161,-0.322010993958,0.609065294266
1555362556727438719,32969,1555362556727438719,world,-2.89783191681,-0.815428495407,0.797141551971,-0.706478238106,0.161669060588,-0.321693509817,0.609315097332
1555362556736643228,32970,1555362556736643228,world,-2.89789390564,-0.815384149551,0.797255754471,-0.706342220306,0.161325931549,-0.321245074272,0.609800159931
1555362556747056448,32971,1555362556747056448,world,-2.8978843689,-0.815363883972,0.797300577164,-0.706352472305,0.161334872246,-0.321196675301,0.609811544418
1555362556757393718,32972,1555362556757393718,world,-2.89782428741,-0.815429449081,0.797193050385,-0.706378519535,0.161995843053,-0.321755081415,0.609311461449
1555362556757435640,32973,1555362556757435640,world,-2.89780044556,-0.815418481827,0.797106266022,-0.706334590912,0.162137329578,-0.321775078773,0.609314203262
1555362556766805213,32974,1555362556766805213,world,-2.8977689743,-0.815391778946,0.797119855881,-0.706255733967,0.162140086293,-0.321832925081,0.609374403954
1555362556777130647,32975,1555362556777130647,world,-2.89778327942,-0.815410137177,0.797213792801,-0.706366479397,0.162008807063,-0.321742981672,0.609328448772
1555362556807198900,32976,1555362556807198900,world,-2.89781951904,-0.815415620804,0.797329187393,-0.706244647503,0.161926552653,-0.321547836065,0.609594523907
1555362556807276305,32977,1555362556807276305,world,-2.89782714844,-0.815380573273,0.797246932983,-0.706375598907,0.161661088467,-0.3212890625,0.609649658203
1555362556807339299,32979,1555362556807339299,world,-2.89780426025,-0.815404891968,0.797063350677,-0.706338405609,0.162020742893,-0.321692585945,0.609384298325
1555362556817674125,32980,1555362556817674125,world,-2.89782714844,-0.815456390381,0.797189235687,-0.706281065941,0.162041887641,-0.321876615286,0.609347999096
1555362556837499384,32981,1555362556837499384,world,-2.89788913727,-0.815408229828,0.797326087952,-0.706249535084,0.161347657442,-0.321271717548,0.609887719154
1555362556837579517,32982,1555362556837579517,world,-2.8978843689,-0.815414428711,0.797231435776,-0.70639538765,0.161682426929,-0.321487307549,0.609516382217
1555362556846844777,32983,1555362556846844777,world,-2.89785575867,-0.815404891968,0.79709649086,-0.706423223019,0.161776825786,-0.321498245001,0.609453380108
1555362556857159461,32984,1555362556857159461,world,-2.897813797,-0.81543970108,0.797006368637,-0.70632827282,0.162230834365,-0.322040647268,0.609156310558
1555362556857211195,32985,1555362556857211195,world,-2.89786434174,-0.815382480621,0.797184228897,-0.706326603889,0.16172067821,-0.321506589651,0.609575688839
1555362556867548706,32986,1555362556867548706,world,-2.89781665802,-0.81544303894,0.797309160233,-0.706226706505,0.161928340793,-0.321719735861,0.609523952007
1555362556876818457,32987,1555362556876818457,world,-2.89784431458,-0.815416812897,0.797322034836,-0.706207215786,0.161594077945,-0.321515530348,0.609743058681
1555362556887096303,32988,1555362556887096303,world,-2.89778709412,-0.815423250198,0.797177791595,-0.706360042095,0.162037178874,-0.321523278952,0.609444320202
1555362556897414442,32989,1555362556897414442,world,-2.89774131775,-0.815461397171,0.797072649002,-0.706379711628,0.162327304482,-0.321968585253,0.609109044075
1555362556907693980,32990,1555362556907693980,world,-2.89773368835,-0.815521001816,0.797119140625,-0.70635831356,0.162363812327,-0.321941584349,0.609138429165
1555362556907761167,32991,1555362556907761167,world,-2.89775466919,-0.815482139587,0.797268629074,-0.706276834011,0.16192291677,-0.321529954672,0.609567582607
1555362556917060995,32992,1555362556917060995,world,-2.89779949188,-0.815454721451,0.797319889069,-0.706196725368,0.161476537585,-0.321289032698,0.609905660152
1555362556927311863,32993,1555362556927311863,world,-2.89774608612,-0.815506458282,0.797204971313,-0.706315040588,0.162141919136,-0.321691870689,0.609379529953
1555362556937639733,32994,1555362556937639733,world,-2.89773654938,-0.815444469452,0.797120571136,-0.706326007843,0.162078917027,-0.321483612061,0.609493494034
1555362556946931223,32995,1555362556946931223,world,-2.89773654938,-0.815519094467,0.797104597092,-0.706419765949,0.162464156747,-0.321911841631,0.60905611515
1555362556957351569,32996,1555362556957351569,world,-2.89779663086,-0.815440177917,0.797260761261,-0.706197023392,0.16150021553,-0.321343183517,0.609870433807
1555362556967693732,32997,1555362556967693732,world,-2.89780902863,-0.815467834473,0.797296524048,-0.706261217594,0.161746278405,-0.32156291604,0.609615206718
1555362556967743626,32998,1555362556967743626,world,-2.89780044556,-0.815443992615,0.797234296799,-0.706287741661,0.161945983768,-0.321691244841,0.609463632107
1555362556977028211,32999,1555362556977028211,world,-2.89779376984,-0.815509796143,0.797138929367,-0.706295967102,0.162288665771,-0.321958780289,0.609221756458
1555362556987355002,33000,1555362556987355002,world,-2.89778995514,-0.815496206284,0.797086954117,-0.706430792809,0.162204667926,-0.321903198957,0.609116971493
1555362556997707856,33001,1555362556997707856,world,-2.89781188965,-0.815493106842,0.797176837921,-0.706359028816,0.162380084395,-0.321971863508,0.609117209911
1555362557007009256,33002,1555362557007009256,world,-2.89780330658,-0.815475225449,0.797235488892,-0.706256449223,0.162066593766,-0.321739941835,0.60944211483
1555362557017348246,33003,1555362557017348246,world,-2.8978433609,-0.815423965454,0.797227144241,-0.706286966801,0.161706581712,-0.321447640657,0.609656691551
1555362557027638478,33004,1555362557027638478,world,-2.8978099823,-0.815429449081,0.797156572342,-0.706329584122,0.162103831768,-0.321621537209,0.609410047531
1555362557027701723,33005,1555362557027701723,world,-2.89780235291,-0.815455675125,0.797103404999,-0.706359684467,0.162247687578,-0.321881592274,0.609199404716
1555362557037050116,33006,1555362557037050116,world,-2.89779376984,-0.815451383591,0.79714012146,-0.706323981285,0.16220895946,-0.322018355131,0.609178960323
1555362557047406297,33007,1555362557047406297,world,-2.89779472351,-0.815399646759,0.797259807587,-0.706252813339,0.161774277687,-0.321634292603,0.609579801559
1555362557056723686,33008,1555362557056723686,world,-2.897813797,-0.815397977829,0.797266960144,-0.70635420084,0.161678761244,-0.321517527103,0.609549164772
1555362557067048858,33009,1555362557067048858,world,-2.89780044556,-0.81542468071,0.797180652618,-0.706424593925,0.161956176162,-0.321607202291,0.609346568584
1555362557077453677,33010,1555362557077453677,world,-2.89778137207,-0.815445661545,0.797098636627,-0.706366360188,0.162215605378,-0.32173922658,0.609275460243
1555362557077490360,33011,1555362557077490360,world,-2.89776229858,-0.815449476242,0.797087192535,-0.706356883049,0.162412390113,-0.321928232908,0.60913413763
1555362557087115926,33012,1555362557087115926,world,-2.89780330658,-0.815433263779,0.797213077545,-0.706335842609,0.161821678281,-0.321418315172,0.609584927559
1555362557097425903,33013,1555362557097425903,world,-2.89787864685,-0.815413236618,0.797331571579,-0.706178307533,0.161360785365,-0.320927351713,0.610147893429
1555362557106651133,33014,1555362557106651133,world,-2.89785194397,-0.815441131592,0.797260046005,-0.706312477589,0.161453440785,-0.32119384408,0.609827876091
1555362557116932524,33015,1555362557116932524,world,-2.89781188965,-0.815456867218,0.797137498856,-0.706354439259,0.161773756146,-0.321461230516,0.609553456306
1555362557116980261,33016,1555362557116980261,world,-2.89773845673,-0.815525770187,0.79704284668,-0.706454634666,0.162407979369,-0.322036117315,0.608964860439
1555362557127218113,33017,1555362557127218113,world,-2.89778995514,-0.81547665596,0.797185897827,-0.70630389452,0.161938026547,-0.321595102549,0.609497666359
1555362557137477279,33018,1555362557137477279,world,-2.89780235291,-0.815488576889,0.797287225723,-0.706274747849,0.161984682083,-0.321542859077,0.609546661377
1555362557146701409,33019,1555362557146701409,world,-2.89783668518,-0.815462350845,0.797293901443,-0.706208348274,0.161711141467,-0.321329802275,0.609808623791
1555362557157095746,33020,1555362557157095746,world,-2.89781284332,-0.815452098846,0.797183275223,-0.706291079521,0.161954089999,-0.321578830481,0.60951679945
1555362557157152656,33021,1555362557157152656,world,-2.89777469635,-0.815464258194,0.797074317932,-0.706362009048,0.162279546261,-0.32194685936,0.609153747559
1555362557167471655,33022,1555362557167471655,world,-2.89774990082,-0.815486907959,0.797103404999,-0.706470787525,0.162463694811,-0.322203099728,0.608842968941
1555362557176668875,33023,1555362557176668875,world,-2.89781856537,-0.815413236618,0.797243356705,-0.706282615662,0.161751449108,-0.321640610695,0.60954785347
1555362557187122311,33024,1555362557187122311,world,-2.89785575867,-0.815385341644,0.797290086746,-0.706265866756,0.161603853106,-0.321410268545,0.609728038311
1555362557197475754,33025,1555362557197475754,world,-2.897813797,-0.815428256989,0.797218799591,-0.70628964901,0.162048026919,-0.321811646223,0.609370648861
1555362557206671979,33026,1555362557206671979,world,-2.89779949188,-0.815398216248,0.797101974487,-0.70636677742,0.162010490894,-0.321638464928,0.609382629395
1555362557217045042,33027,1555362557217045042,world,-2.89776229858,-0.815449237823,0.79706120491,-0.706431210041,0.16236141324,-0.322186172009,0.608925223351
1555362557217114180,33028,1555362557217114180,world,-2.89784908295,-0.815385580063,0.797194957733,-0.706360697746,0.161443576217,-0.32132050395,0.609707772732
1555362557227500965,33029,1555362557227500965,world,-2.89781951904,-0.815481424332,0.797234535217,-0.706363141537,0.162053927779,-0.321769684553,0.60930621624
1555362557247043954,33030,1555362557247043954,world,-2.89784908295,-0.815403223038,0.797260284424,-0.706299126148,0.161479264498,-0.32108849287,0.609892010689
1555362557247084429,33031,1555362557247084429,world,-2.8978099823,-0.815527677536,0.797133684158,-0.706375777721,0.162137374282,-0.321799367666,0.609253585339
1555362557257508010,33032,1555362557257508010,world,-2.89780044556,-0.815446138382,0.797131299973,-0.706343412399,0.161684811115,-0.321426391602,0.60960817337
1555362557257561856,33033,1555362557257561856,world,-2.8977689743,-0.815501928329,0.797173500061,-0.706400871277,0.162161648273,-0.321716070175,0.609261989594
1555362557277193458,33034,1555362557277193458,world,-2.89777851105,-0.815488100052,0.797204732895,-0.706378817558,0.162117764354,-0.321710556746,0.609302222729
1555362557277223957,33035,1555362557277223957,world,-2.89780902863,-0.815462589264,0.797230958939,-0.706330001354,0.161808595061,-0.321533769369,0.609534204006
1555362557287724156,33036,1555362557287724156,world,-2.89776611328,-0.81547999382,0.797162055969,-0.706404924393,0.162147879601,-0.322082638741,0.609067201614
1555362557297077809,33037,1555362557297077809,world,-2.89779472351,-0.815458297729,0.797142982483,-0.706400930882,0.162112906575,-0.321801096201,0.609230160713
1555362557307415304,33038,1555362557307415304,world,-2.89778327942,-0.815405368805,0.797174692154,-0.706325411797,0.161811456084,-0.321736425161,0.609431922436
1555362557307451185,33039,1555362557307451185,world,-2.89780235291,-0.815384864807,0.797163724899,-0.706302464008,0.16202647984,-0.321717530489,0.609411358833
1555362557316748994,33040,1555362557316748994,world,-2.89784145355,-0.815376758575,0.797214746475,-0.706314921379,0.161695644259,-0.321537822485,0.609579503536
1555362557327110195,33041,1555362557327110195,world,-2.89782810211,-0.815435171127,0.797212123871,-0.706318497658,0.161903604865,-0.32161411643,0.60947984457
1555362557347729192,33042,1555362557347729192,world,-2.89783000946,-0.815403223038,0.79715180397,-0.706368327141,0.161895975471,-0.321567505598,0.609448850155
1555362557347771083,33043,1555362557347771083,world,-2.897813797,-0.815415382385,0.797118663788,-0.706395745277,0.161900267005,-0.32165953517,0.609367311001
1555362557357111091,33044,1555362557357111091,world,-2.89781856537,-0.81543302536,0.797157049179,-0.706318676472,0.161735743284,-0.321408689022,0.609632611275
1555362557357140767,33045,1555362557357140767,world,-2.89786052704,-0.815438508987,0.797238588333,-0.706223130226,0.161631271243,-0.321332663298,0.609811007977
1555362557367489157,33046,1555362557367489157,world,-2.89783096313,-0.815479755402,0.79728269577,-0.706300914288,0.161828920245,-0.321680277586,0.609485328197
1555362557376666835,33047,1555362557376666835,world,-2.89778709412,-0.81552529335,0.797170877457,-0.706376373768,0.1621003896,-0.3218498528,0.609236121178
1555362557386962798,33048,1555362557386962798,world,-2.89775276184,-0.81552195549,0.797077655792,-0.706374943256,0.162429228425,-0.322135001421,0.608999371529
1555362557397282841,33049,1555362557397282841,world,-2.89778232574,-0.815475225449,0.797158241272,-0.706347763538,0.162082090974,-0.321567684412,0.609423041344
1555362557407637743,33050,1555362557407637743,world,-2.89782238007,-0.815515995026,0.797268152237,-0.706303656101,0.161923244596,-0.321513205767,0.609545111656
1555362557407684603,33051,1555362557407684603,world,-2.89780139923,-0.815479040146,0.797308444977,-0.706304371357,0.16180665791,-0.321361452341,0.60965526104
1555362557427194386,33052,1555362557427194386,world,-2.89776802063,-0.815493822098,0.797183275223,-0.706321299076,0.162380948663,-0.321938544512,0.609178364277
1555362557427249661,33053,1555362557427249661,world,-2.89773464203,-0.815462112427,0.797076940536,-0.706355392933,0.162377908826,-0.322019010782,0.609097123146
1555362557437620430,33054,1555362557437620430,world,-2.89772129059,-0.815492391586,0.797077655792,-0.706462025642,0.162465676665,-0.322226852179,0.608839929104
1555362557457123014,33055,1555362557457123014,world,-2.89782428741,-0.815377473831,0.797233104706,-0.70640707016,0.161466002464,-0.321206092834,0.609708547592
1555362557457177020,33057,1555362557457177020,world,-2.89783096313,-0.815405368805,0.797242879868,-0.706296563148,0.161545261741,-0.321320861578,0.60975497961
1555362557467545929,33058,1555362557467545929,world,-2.89781093597,-0.815397024155,0.797140836716,-0.706248164177,0.161692842841,-0.321471065283,0.609692752361
1555362557487238977,33059,1555362557487238977,world,-2.8977804184,-0.815447092056,0.797090291977,-0.706332981586,0.162240058184,-0.321915090084,0.609214663506
1555362557497700564,33060,1555362557497700564,world,-2.89782238007,-0.815447807312,0.797192811966,-0.706301867962,0.161720320582,-0.32160410285,0.609553277493
1555362557497743656,33061,1555362557497743656,world,-2.89782047272,-0.815470695496,0.797272205353,-0.706274032593,0.161860823631,-0.321638345718,0.609529972076
1555362557507056959,33062,1555362557507056959,world,-2.89779281616,-0.815445423126,0.797233343124,-0.706302940845,0.161779478192,-0.321526318789,0.609577298164
1555362557517381996,33063,1555362557517381996,world,-2.89776992798,-0.815511465073,0.797127962112,-0.706380963326,0.162243828177,-0.321963518858,0.6091324687
1555362557517436285,33064,1555362557517436285,world,-2.89779567719,-0.815447330475,0.797164916992,-0.706355571747,0.161873459816,-0.321551084518,0.609478235245
1555362557527775874,33065,1555362557527775874,world,-2.89779281616,-0.815515756607,0.797176361084,-0.706344664097,0.162403717637,-0.32189014554,0.609170794487
1555362557566976876,33066,1555362557566976876,world,-2.89780902863,-0.81548333168,0.797215938568,-0.706299245358,0.16195319593,-0.321694940329,0.609446465969
1555362557567049736,33067,1555362557567049736,world,-2.8978061676,-0.815478801727,0.79719877243,-0.706310093403,0.161952629685,-0.321687370539,0.609438061714
1555362557567105047,33069,1555362557567105047,world,-2.89776039124,-0.815491914749,0.7971367836,-0.706373929977,0.16233253479,-0.321886897087,0.609157562256
1555362557567143406,33070,1555362557567143406,world,-2.89777088165,-0.815454483032,0.797157287598,-0.706427335739,0.162010014057,-0.321533083916,0.60936832428
1555362557577452629,33071,1555362557577452629,world,-2.89783763885,-0.815392017365,0.797229766846,-0.706387519836,0.161643564701,-0.321362257004,0.609601736069
1555362557586796029,33072,1555362557586796029,world,-2.89781188965,-0.815369844437,0.797215461731,-0.706436991692,0.161596938968,-0.321290940046,0.609594523907
1555362557597146689,33073,1555362557597146689,world,-2.89782428741,-0.815394639969,0.797202348709,-0.706295251846,0.161739647388,-0.321215867996,0.609760284424
1555362557607478911,33074,1555362557607478911,world,-2.8978061676,-0.815413236618,0.797151565552,-0.706329166889,0.16191072762,-0.321551352739,0.609498858452
1555362557616738951,33075,1555362557616738951,world,-2.89779376984,-0.815437555313,0.797189712524,-0.706264019012,0.162067651749,-0.321715950966,0.609445810318
1555362557627058272,33076,1555362557627058272,world,-2.8977766037,-0.815478801727,0.797186136246,-0.706279277802,0.162271797657,-0.321978569031,0.609235048294
1555362557637392081,33077,1555362557637392081,world,-2.89782714844,-0.81542801857,0.797214984894,-0.706319391727,0.161805227399,-0.321466952562,0.609582781792
1555362557646716267,33078,1555362557646716267,world,-2.89781951904,-0.815439462662,0.797188282013,-0.706371545792,0.16178804636,-0.321585178375,0.609464406967
1555362557667346278,33079,1555362557667346278,world,-2.89780712128,-0.815455913544,0.797133922577,-0.706418097019,0.161912992597,-0.321653157473,0.60934150219
1555362557667385735,33080,1555362557667385735,world,-2.89778232574,-0.81552028656,0.797154426575,-0.706373035908,0.162218406796,-0.322128325701,0.609061360359
1555362557667440598,33081,1555362557667440598,world,-2.89780807495,-0.815480947495,0.797216176987,-0.706327974796,0.161880984902,-0.321672469378,0.609444260597
1555362557677697272,33082,1555362557677697272,world,-2.89783573151,-0.815472602844,0.797233343124,-0.706258118153,0.161870390177,-0.32167416811,0.609526991844
1555362557687152110,33083,1555362557687152110,world,-2.89779949188,-0.815449953079,0.797159433365,-0.706262886524,0.161902204156,-0.321607977152,0.609547972679
1555362557697468681,33084,1555362557697468681,world,-2.89777851105,-0.815499782562,0.797154188156,-0.706335127354,0.16239489615,-0.322065263987,0.609091639519
1555362557697507647,33085,1555362557697507647,world,-2.89782810211,-0.815434932709,0.797210931778,-0.706398785114,0.161639884114,-0.321450382471,0.609543204308
1555362557706755030,33086,1555362557706755030,world,-2.89781093597,-0.81550526619,0.797252178192,-0.706299602985,0.162023857236,-0.321724802256,0.609411537647
1555362557717098039,33087,1555362557717098039,world,-2.89782619476,-0.815403461456,0.797246932983,-0.706356108189,0.161435618997,-0.321106344461,0.60982811451
1555362557727386515,33088,1555362557727386515,world,-2.8977689743,-0.815448284149,0.797140359879,-0.706403911114,0.162085995078,-0.32162091136,0.60932892561
1555362557746969954,33089,1555362557746969954,world,-2.89779663086,-0.815417289734,0.797138929367,-0.706397354603,0.161760896444,-0.321587502956,0.6094404459
1555362557787222041,33090,1555362557787222041,world,-2.89782810211,-0.815412044525,0.797198295593,-0.70631557703,0.161601632833,-0.321295440197,0.609731554985
1555362557787600082,33091,1555362557787600082,world,-2.89780712128,-0.815435171127,0.797250270844,-0.706230044365,0.161770567298,-0.321400135756,0.609730660915
1555362557787669773,33092,1555362557787669773,world,-2.89780521393,-0.815425634384,0.79726600647,-0.706259310246,0.161671772599,-0.321432501078,0.609705805779
1555362557797144787,33093,1555362557797144787,world,-2.89778804779,-0.815448999405,0.797168731689,-0.706442773342,0.162198230624,-0.321805804968,0.609156310558
1555362557797175507,33094,1555362557797175507,world,-2.89775943756,-0.815474510193,0.797105312347,-0.706455469131,0.162352383137,-0.321913957596,0.609043419361
1555362557797215319,33095,1555362557797215319,world,-2.89778709412,-0.815492391586,0.797119379044,-0.706307172775,0.162354171276,-0.321994781494,0.609172105789
1555362557797247569,33097,1555362557797247569,world,-2.89783859253,-0.815464735031,0.797242641449,-0.706242203712,0.161984190345,-0.321639984846,0.609533250332
1555362557807585079,33098,1555362557807585079,world,-2.89782524109,-0.815446376801,0.797223329544,-0.706271648407,0.161757647991,-0.321505427361,0.609630346298
1555362557816922009,33099,1555362557816922009,world,-2.89779663086,-0.815507888794,0.797173976898,-0.706302881241,0.162324011326,-0.322025179863,0.609169006348
1555362557816993327,33100,1555362557816993327,world,-2.8978061676,-0.815435409546,0.79717373848,-0.706321418285,0.161913499236,-0.321619719267,0.609471023083
1555362557827423247,33101,1555362557827423247,world,-2.89778232574,-0.815530776978,0.797137260437,-0.706326246262,0.162401080132,-0.322178840637,0.609040260315
1555362557836742209,33102,1555362557836742209,world,-2.89780807495,-0.815460681915,0.797213792801,-0.706346452236,0.161661669612,-0.32141110301,0.609618842602
1555362557847060558,33103,1555362557847060558,world,-2.89778709412,-0.815479755402,0.797213792801,-0.706382095814,0.162134066224,-0.321761757135,0.609266877174
1555362557857453780,33104,1555362557857453780,world,-2.89778137207,-0.815436124802,0.797206878662,-0.706315100193,0.16199465096,-0.321733742952,0.609396576881
1555362557866799794,33105,1555362557866799794,world,-2.89780330658,-0.815409183502,0.797149896622,-0.706381201744,0.161878868937,-0.321639865637,0.609400212765
1555362557877214644,33106,1555362557877214644,world,-2.89781188965,-0.81539273262,0.797165870667,-0.706426918507,0.161847963929,-0.321525484324,0.609415888786
1555362557887540913,33107,1555362557887540913,world,-2.89783287048,-0.815363645554,0.797207593918,-0.706307947636,0.161599725485,-0.321395814419,0.609687924385
1555362557887578322,33108,1555362557887578322,world,-2.89780712128,-0.815421581268,0.797211408615,-0.706245958805,0.16198566556,-0.32188719511,0.609398007393
1555362557896990916,33109,1555362557896990916,world,-2.89781951904,-0.815379142761,0.797204256058,-0.706353247166,0.161585897207,-0.3214225173,0.60962498188
1555362557907343484,33110,1555362557907343484,world,-2.8978099823,-0.815435886383,0.797137022018,-0.706337988377,0.161991968751,-0.321689277887,0.609394192696
1555362557907383710,33111,1555362557907383710,world,-2.89781856537,-0.815397024155,0.79714512825,-0.70641541481,0.161804378033,-0.321401953697,0.6095058918
1555362557927000028,33112,1555362557927000028,world,-2.89781951904,-0.81542301178,0.797141075134,-0.706446766853,0.161879703403,-0.32143625617,0.609431445599
1555362557927031476,33113,1555362557927031476,world,-2.89781284332,-0.815467357635,0.797179460526,-0.706390917301,0.162040621042,-0.321733772755,0.609296441078
1555362557936754221,33114,1555362557936754221,world,-2.89783573151,-0.815417528152,0.797235965729,-0.706342697144,0.161590456963,-0.321215748787,0.609745025635
1555362557946970673,33115,1555362557946970673,world,-2.89778804779,-0.815490961075,0.797177553177,-0.706387460232,0.162109836936,-0.321786016226,0.609254539013
1555362557957250273,33116,1555362557957250273,world,-2.89779376984,-0.81543803215,0.797154903412,-0.706286966801,0.162001937628,-0.321581184864,0.609507679939
1555362557957309838,33117,1555362557957309838,world,-2.89778614044,-0.815448760986,0.797133207321,-0.706363201141,0.162294507027,-0.32187640667,0.609185695648
1555362557976880522,33118,1555362557976880522,world,-2.89777755737,-0.815454959869,0.797204017639,-0.706361591816,0.162141755223,-0.322008639574,0.609158396721
1555362557997670124,33119,1555362557997670124,world,-2.89779567719,-0.815452337265,0.797240257263,-0.706319630146,0.162026017904,-0.321920096874,0.609284520149
1555362558006947907,33120,1555362558006947907,world,-2.89779758453,-0.815421581268,0.797184467316,-0.706315517426,0.162070930004,-0.321791887283,0.609345197678
1555362558006991963,33121,1555362558006991963,world,-2.89778423309,-0.815410852432,0.797167539597,-0.706309378147,0.161963775754,-0.321648389101,0.609456419945
1555362558007020819,33122,1555362558007020819,world,-2.8977689743,-0.815451622009,0.797111034393,-0.706363737583,0.162307098508,-0.321826964617,0.609207749367
1555362558007048901,33123,1555362558007048901,world,-2.89779567719,-0.815410137177,0.797178983688,-0.706421613693,0.161922097206,-0.321613788605,0.609355688095
1555362558017299001,33124,1555362558017299001,world,-2.89780521393,-0.815441608429,0.797228813171,-0.706389248371,0.161995843053,-0.321690231562,0.609333157539
1555362558027553480,33125,1555362558027553480,world,-2.89782238007,-0.815412998199,0.797192335129,-0.706355154514,0.161533147097,-0.321399629116,0.609648823738
1555362558036905689,33126,1555362558036905689,world,-2.89780902863,-0.815460920334,0.797128915787,-0.706395983696,0.161982700229,-0.321695536375,0.609326064587
1555362558047175641,33127,1555362558047175641,world,-2.89781665802,-0.815439224243,0.797146320343,-0.706415891647,0.161833226681,-0.321500182152,0.609445869923
1555362558057503097,33128,1555362558057503097,world,-2.89781856537,-0.815501689911,0.797183990479,-0.706360936165,0.162252470851,-0.322000354528,0.609133899212
1555362558066731690,33129,1555362558066731690,world,-2.89781665802,-0.815453767776,0.79718375206,-0.706331968307,0.162186205387,-0.321697354317,0.609345197678
1555362558076993495,33130,1555362558076993495,world,-2.89782619476,-0.81546497345,0.797173500061,-0.706346988678,0.162178218365,-0.321951627731,0.609195709229
1555362558077026206,33131,1555362558077026206,world,-2.8978433609,-0.815417289734,0.797183513641,-0.706390976906,0.161874458194,-0.32151183486,0.609457671642
1555362558087627859,33132,1555362558087627859,world,-2.89784049988,-0.815426826477,0.79718875885,-0.706355631351,0.162042468786,-0.32168763876,0.609361290932
1555362558096991687,33133,1555362558096991687,world,-2.8978395462,-0.815384864807,0.797192335129,-0.706430912018,0.16175699234,-0.321394920349,0.609504282475
1555362558107262929,33134,1555362558107262929,world,-2.89781570435,-0.815398454666,0.797179460526,-0.706409335136,0.161788865924,-0.321549743414,0.609439074993
1555362558117581310,33135,1555362558117581310,world,-2.89783477783,-0.815386295319,0.797177314758,-0.706283092499,0.161722362041,-0.32149040699,0.609634399414
1555362558117607762,33136,1555362558117607762,world,-2.89782238007,-0.815366268158,0.79719376564,-0.706289350986,0.161754742265,-0.321501284838,0.609612822533
1555362558126808792,33137,1555362558126808792,world,-2.89781761169,-0.815396547318,0.797196865082,-0.70624756813,0.161852002144,-0.321562409401,0.60960316658
1555362558137117188,33138,1555362558137117188,world,-2.89779758453,-0.815433263779,0.797211408615,-0.706344246864,0.161894544959,-0.321654886007,0.609430968761
1555362558147413674,33139,1555362558147413674,world,-2.89779758453,-0.815415143967,0.797185897827,-0.706336796284,0.161893323064,-0.321650773287,0.60944211483
1555362558157654581,33140,1555362558157654581,world,-2.89779281616,-0.815437793732,0.797148942947,-0.706417322159,0.162045001984,-0.321714401245,0.609274923801
1555362558167037026,33141,1555362558167037026,world,-2.89784240723,-0.815411090851,0.797219514847,-0.706296443939,0.161711513996,-0.321384429932,0.609677553177
1555362558167058850,33142,1555362558167058850,world,-2.8978433609,-0.815411090851,0.79719877243,-0.706382811069,0.161768451333,-0.321446210146,0.609529852867
1555362558177273793,33143,1555362558177273793,world,-2.89780235291,-0.815419912338,0.797133207321,-0.706372082233,0.162082090974,-0.3216804564,0.609335303307
1555362558187448600,33144,1555362558187448600,world,-2.89786911011,-0.815352678299,0.797178268433,-0.706338107586,0.161558315158,-0.321257680655,0.609736859798
1555362558197647605,33145,1555362558197647605,world,-2.89785861969,-0.815440893173,0.797199964523,-0.70628619194,0.162067890167,-0.321964383125,0.609288692474
1555362558206839515,33146,1555362558206839515,world,-2.89787197113,-0.815391302109,0.797223806381,-0.706301748753,0.161624506116,-0.321601301432,0.609580159187
1555362558217010983,33147,1555362558217010983,world,-2.89787483215,-0.815417289734,0.797163486481,-0.706362843513,0.161732301116,-0.321648567915,0.609455764294
1555362558227179102,33148,1555362558227179102,world,-2.89784908295,-0.815375804901,0.797142744064,-0.706421136856,0.161891460419,-0.321493625641,0.609427750111
1555362558227196831,33149,1555362558227196831,world,-2.8978433609,-0.815365552902,0.797171354294,-0.706360638142,0.161760106683,-0.321483761072,0.609537959099
1555362558237375655,33150,1555362558237375655,world,-2.8978433609,-0.815387487411,0.797185897827,-0.706469774246,0.16181820631,-0.321450233459,0.609413921833
1555362558247614490,33151,1555362558247614490,world,-2.89783573151,-0.815402030945,0.797211885452,-0.706404149532,0.161921605468,-0.321625679731,0.609369933605
1555362558256944059,33152,1555362558256944059,world,-2.89783477783,-0.815362691879,0.797198057175,-0.70637845993,0.16170501709,-0.321535944939,0.609504461288
1555362558267227226,33153,1555362558267227226,world,-2.89783096313,-0.815357685089,0.797183513641,-0.706400632858,0.16162776947,-0.321400761604,0.609570503235
1555362558267281232,33154,1555362558267281232,world,-2.89778518677,-0.815402030945,0.79714345932,-0.706323623657,0.162107050419,-0.321895241737,0.609271526337
1555362558277587153,33155,1555362558277587153,world,-2.89780044556,-0.815401554108,0.797159910202,-0.706317305565,0.161802694201,-0.321642130613,0.609493196011
1555362558286842096,33156,1555362558286842096,world,-2.89780807495,-0.815437555313,0.79717373848,-0.706404805183,0.162068411708,-0.321861118078,0.609205663204
1555362558297134904,33157,1555362558297134904,world,-2.8978395462,-0.815390825272,0.797203063965,-0.706358253956,0.161708548665,-0.321462422609,0.609565615654
1555362558307398750,33158,1555362558307398750,world,-2.89782238007,-0.815462112427,0.797180891037,-0.706361234188,0.16206549108,-0.321908205748,0.609232127666
1555362558307468754,33159,1555362558307468754,world,-2.89779472351,-0.815413475037,0.79714846611,-0.706367492676,0.161927580833,-0.321584701538,0.609432280064
1555362558316659199,33160,1555362558316659199,world,-2.89778614044,-0.815477132797,0.797106266022,-0.706339597702,0.162267923355,-0.322049617767,0.609128534794
1555362558326957803,33161,1555362558326957803,world,-2.89783191681,-0.815405368805,0.797206163406,-0.706298172474,0.161684721708,-0.32139223814,0.60967862606
1555362558337278668,33162,1555362558337278668,world,-2.89783287048,-0.815436601639,0.797194242477,-0.706368207932,0.16192561388,-0.321611404419,0.609417915344
1555362558347595674,33163,1555362558347595674,world,-2.89782619476,-0.815394878387,0.797189474106,-0.706259727478,0.16174185276,-0.32167327404,0.609559774399
1555362558356903727,33164,1555362558356903727,world,-2.89782142639,-0.815392971039,0.7971534729,-0.706351697445,0.161904916167,-0.321489542723,0.60950678587
1555362558387534047,33165,1555362558387534047,world,-2.89782142639,-0.815412044525,0.797141313553,-0.706438958645,0.162016674876,-0.321670979261,0.609280288219
1555362558387576765,33168,1555362558387576765,world,-2.89783096313,-0.815358877182,0.797165155411,-0.706256270409,0.161718711257,-0.321293324232,0.6097702384
1555362558396893410,33169,1555362558396893410,world,-2.89782142639,-0.815400600433,0.79714012146,-0.706399261951,0.162030532956,-0.321746259928,0.609282851219
1555362558407136186,33170,1555362558407136186,world,-2.89784812927,-0.815367937088,0.797177553177,-0.706373512745,0.161780431867,-0.321374684572,0.609575152397
1555362558407184535,33171,1555362558407184535,world,-2.89783477783,-0.815408706665,0.797228097916,-0.706360161304,0.161878541112,-0.321508914232,0.609493851662
1555362558417451055,33172,1555362558417451055,world,-2.8978395462,-0.815401792526,0.797208309174,-0.706337511539,0.161692410707,-0.321634232998,0.609503388405
1555362558436965923,33173,1555362558436965923,world,-2.89784049988,-0.815429210663,0.797150373459,-0.706397891045,0.161861643195,-0.321632355452,0.609389483929
1555362558437028719,33174,1555362558437028719,world,-2.89785671234,-0.815394639969,0.797142982483,-0.706359505653,0.161586329341,-0.321302741766,0.609680831432
1555362558447310439,33175,1555362558447310439,world,-2.89785194397,-0.815438747406,0.797178268433,-0.706392884254,0.161878451705,-0.321635335684,0.60938924551
1555362558457609841,33176,1555362558457609841,world,-2.89783859253,-0.815437078476,0.79723739624,-0.706327974796,0.16207434237,-0.321736365557,0.609359145164
1555362558466860147,33177,1555362558466860147,world,-2.89784049988,-0.815426111221,0.797210216522,-0.706325769424,0.161918222904,-0.321654558182,0.609446287155
1555362558477075386,33178,1555362558477075386,world,-2.89784908295,-0.815414190292,0.797178506851,-0.70628875494,0.161944612861,-0.321675509214,0.609471261501
1555362558477142884,33179,1555362558477142884,world,-2.89783859253,-0.815374135971,0.797167062759,-0.706338226795,0.161807611585,-0.321573406458,0.609504103661
1555362558487467836,33180,1555362558487467836,world,-2.89779090881,-0.815465211868,0.797121286392,-0.706367909908,0.162420138717,-0.322106093168,0.609025418758
1555362558496718573,33181,1555362558496718573,world,-2.89783573151,-0.815377950668,0.79719543457,-0.706347167492,0.161697551608,-0.321439832449,0.609593331814
1555362558506979651,33182,1555362558506979651,world,-2.89781093597,-0.815400838852,0.797209024429,-0.706363260746,0.161964789033,-0.321634799242,0.609400868416
1555362558517195059,33183,1555362558517195059,world,-2.89784431458,-0.815364837646,0.797222614288,-0.706298351288,0.161703705788,-0.321287631989,0.609728574753
1555362558517219893,33184,1555362558517219893,world,-2.89781475067,-0.815400362015,0.797207832336,-0.706425368786,0.161824986339,-0.321471661329,0.609452188015
1555362558527424335,33185,1555362558527424335,world,-2.89781475067,-0.815424203873,0.797146558762,-0.706453502178,0.161958560348,-0.321624130011,0.60930365324
1555362558537717637,33186,1555362558537717637,world,-2.89783096313,-0.815384626389,0.797153949738,-0.706382751465,0.16169154644,-0.321390986443,0.609579563141
1555362558546981489,33187,1555362558546981489,world,-2.89781761169,-0.81538772583,0.797170639038,-0.706398308277,0.161906510592,-0.321599781513,0.609394192696
1555362558557199135,33188,1555362558557199135,world,-2.89786338806,-0.815340042114,0.797201633453,-0.70636922121,0.161612167954,-0.321241885424,0.609694838524
1555362558577580119,33189,1555362558577580119,world,-2.89785575867,-0.815382003784,0.797220468521,-0.706358015537,0.161823168397,-0.321656614542,0.609433054924
1555362558577614029,33191,1555362558577614029,world,-2.89723587036,-0.815249681473,0.796879768372,-0.707899749279,0.166202291846,-0.31960478425,0.607542276382
1555362558586915072,33192,1555362558586915072,world,-2.89768981934,-0.815285205841,0.797042131424,-0.706831932068,0.162765413523,-0.320886313915,0.60903865099
1555362558597269005,33193,1555362558597269005,world,-2.89783287048,-0.815392255783,0.797145843506,-0.706361830235,0.161880105734,-0.321839749813,0.609316945076
1555362558607541057,33194,1555362558607541057,world,-2.89793205261,-0.815386533737,0.797276496887,-0.706160783768,0.161026090384,-0.321623146534,0.609890162945
1555362558616919398,33195,1555362558616919398,world,-2.89792442322,-0.815462827682,0.797265052795,-0.706203937531,0.161600142717,-0.322037994862,0.609469354153
1555362558616945205,33196,1555362558616945205,world,-2.8979139328,-0.815387964249,0.797172546387,-0.706124484539,0.161217823625,-0.321715384722,0.609833061695
1555362558637382839,33197,1555362558637382839,world,-2.89785480499,-0.815422058105,0.797119855881,-0.706115067005,0.161779075861,-0.321908771992,0.609593272209
1555362558637409066,33198,1555362558637409066,world,-2.89783573151,-0.815427064896,0.797147035599,-0.706281304359,0.161968514323,-0.321952193975,0.60932725668
1555362558646676451,33199,1555362558646676451,world,-2.89787101746,-0.815395593643,0.797255277634,-0.706322014332,0.16157528758,-0.32160872221,0.609565854073
1555362558656941411,33200,1555362558656941411,world,-2.89786815643,-0.815408229828,0.79726433754,-0.706307649612,0.161467373371,-0.321406126022,0.609717845917
1555362558667282234,33201,1555362558667282234,world,-2.89785671234,-0.815360069275,0.797147989273,-0.70641630888,0.161442384124,-0.321479290724,0.609560191631
1555362558677598703,33202,1555362558677598703,world,-2.89782428741,-0.815398931503,0.797070264816,-0.706390082836,0.162058338523,-0.321803301573,0.609255969524
1555362558677624057,33203,1555362558677624057,world,-2.8978843689,-0.8153860569,0.797144174576,-0.706383228302,0.161488175392,-0.321815133095,0.609409093857
1555362558686921778,33204,1555362558686921778,world,-2.89782619476,-0.815413236618,0.797199487686,-0.706318736076,0.162054464221,-0.322030395269,0.6092197299
1555362558697301602,33205,1555362558697301602,world,-2.89782524109,-0.815376996994,0.797232866287,-0.706327080727,0.161943897605,-0.32172319293,0.609401643276
1555362558707567310,33206,1555362558707567310,world,-2.89780426025,-0.815371274948,0.797167539597,-0.706384003162,0.162115782499,-0.321666300297,0.609320044518
1555362558707602743,33207,1555362558707602743,world,-2.89778804779,-0.815400600433,0.797108650208,-0.706390023232,0.162310644984,-0.321932524443,0.609120547771
1555362558716898388,33208,1555362558716898388,world,-2.89776992798,-0.815420150757,0.797135353088,-0.706497073174,0.162250742316,-0.32194301486,0.609006822109
1555362558727156390,33209,1555362558727156390,world,-2.89780902863,-0.815393924713,0.79717373848,-0.706427335739,0.161957800388,-0.321709990501,0.609288692474
1555362558747647527,33210,1555362558747647527,world,-2.89786624908,-0.81532740593,0.797236680984,-0.706336081028,0.161645069718,-0.321290761232,0.609698653221
1555362558756961912,33211,1555362558756961912,world,-2.89786529541,-0.8153424263,0.797222852707,-0.706301093102,0.161486968398,-0.321376532316,0.609735906124
1555362558756988529,33212,1555362558756988529,world,-2.89783477783,-0.815371274948,0.797137975693,-0.706338226795,0.161878913641,-0.321639955044,0.609449982643
1555362558767289697,33213,1555362558767289697,world,-2.89782333374,-0.815417766571,0.797134876251,-0.706355690956,0.162224277854,-0.321855872869,0.609223783016
1555362558767316240,33214,1555362558767316240,world,-2.89785003662,-0.815400362015,0.797163486481,-0.706421613693,0.161848962307,-0.321628570557,0.609367370605
1555362558786918918,33215,1555362558786918918,world,-2.89783477783,-0.815393209457,0.797192335129,-0.706439852715,0.161788567901,-0.321674913168,0.609337747097
1555362558786966037,33216,1555362558786966037,world,-2.89785003662,-0.815387010574,0.797210931778,-0.706387042999,0.161775410175,-0.32157099247,0.60945725441
1555362558797197691,33217,1555362558797197691,world,-2.89786243439,-0.815365314484,0.797183513641,-0.706430017948,0.161697164178,-0.321311742067,0.609564900398
1555362558807431415,33218,1555362558807431415,world,-2.89782333374,-0.815394878387,0.797100305557,-0.706351161003,0.162040635943,-0.321790784597,0.609312236309
1555362558816699412,33219,1555362558816699412,world,-2.89782238007,-0.815378904343,0.79710817337,-0.706386327744,0.162064433098,-0.32174050808,0.609291791916
1555362558816734559,33220,1555362558816734559,world,-2.89782619476,-0.815368175507,0.797197341919,-0.706350386143,0.161973431706,-0.321752816439,0.609351277351
1555362558827008755,33221,1555362558827008755,world,-2.89725494385,-0.815230369568,0.797012090683,-0.707968890667,0.16627548635,-0.319546252489,0.607472419739
1555362558837341114,33222,1555362558837341114,world,-2.89767551422,-0.815311431885,0.797175884247,-0.706784963608,0.162891417742,-0.320919930935,0.609041750431
1555362558847612706,33223,1555362558847612706,world,-2.89779472351,-0.815384149551,0.797098398209,-0.706352770329,0.162018075585,-0.322019249201,0.609195828438
1555362558856849971,33224,1555362558856849971,world,-2.89783191681,-0.815394878387,0.797091245651,-0.706229627132,0.161807239056,-0.322189003229,0.609304964542
1555362558867194543,33225,1555362558867194543,world,-2.89788150787,-0.815335273743,0.797172546387,-0.706165075302,0.161301344633,-0.321638643742,0.609804332256
1555362558917665750,33226,1555362558917665750,world,-2.89789962769,-0.815388441086,0.797285318375,-0.706116080284,0.161262020469,-0.321643441916,0.609869003296
1555362558917765507,33227,1555362558917765507,world,-2.89796543121,-0.815358400345,0.797312021255,-0.706133782864,0.160635784268,-0.321476012468,0.610101997852
1555362558917799278,33228,1555362558917799278,world,-2.89785194397,-0.815427303314,0.797132730484,-0.706313431263,0.161816388369,-0.322168052197,0.609216332436
1555362558917820757,33229,1555362558917820757,world,-2.89781856537,-0.815412044525,0.797098636627,-0.706406056881,0.161965727806,-0.322108507156,0.60910063982
1555362558917850056,33230,1555362558917850056,world,-2.89781856537,-0.815427541733,0.797111272812,-0.706350922585,0.162101969123,-0.321895331144,0.609241187572
1555362558917875500,33231,1555362558917875500,world,-2.8979139328,-0.815402746201,0.797208786011,-0.706375956535,0.161258265376,-0.321741908789,0.609517037868
1555362558947711147,33232,1555362558947711147,world,-2.89786434174,-0.815411090851,0.79724407196,-0.706299483776,0.161640807986,-0.321695178747,0.609528958797
1555362558947754691,33233,1555362558947754691,world,-2.89785194397,-0.815411090851,0.79723739624,-0.70635664463,0.162003085017,-0.321806520224,0.609307706356
1555362558947807150,33234,1555362558947807150,world,-2.89784240723,-0.815376281738,0.79718375206,-0.706350147724,0.161984100938,-0.321608811617,0.609424710274
1555362558947841699,33235,1555362558947841699,world,-2.89782142639,-0.81537270546,0.797089576721,-0.706336319447,0.162216439843,-0.321715146303,0.609322667122
1555362558957089977,33236,1555362558957089977,world,-2.89780712128,-0.815361738205,0.797080755234,-0.706363737583,0.162107303739,-0.321636229753,0.609361767769
1555362558957147043,33237,1555362558957147043,world,-2.89782524109,-0.815372467041,0.797200918198,-0.706340193748,0.162022039294,-0.321695774794,0.609380185604
1555362558986975953,33238,1555362558986975953,world,-2.8978433609,-0.815377950668,0.797265291214,-0.706321954727,0.161944210529,-0.321754217148,0.609391212463
1555362558987052384,33239,1555362558987052384,world,-2.8978509903,-0.815317630768,0.797225236893,-0.706389546394,0.161576256156,-0.321295112371,0.60965269804
1555362558987078921,33240,1555362558987078921,world,-2.89780330658,-0.815326213837,0.797079324722,-0.706380367279,0.162009358406,-0.321627855301,0.609372854233
1555362558997443343,33241,1555362558997443343,world,-2.89780902863,-0.81533575058,0.797057628632,-0.706379473209,0.161939397454,-0.321852713823,0.609273791313
1555362559006675801,33242,1555362559006675801,world,-2.89782428741,-0.81534409523,0.797164678574,-0.706446111202,0.161926314235,-0.321606367826,0.609330117702
1555362559006718349,33243,1555362559006718349,world,-2.89782810211,-0.815413475037,0.797216176987,-0.706402540207,0.162214279175,-0.32198870182,0.609102010727
1555362559017031461,33244,1555362559017031461,world,-2.89786052704,-0.815352678299,0.797229290009,-0.706352710724,0.161714732647,-0.321458697319,0.609572410583
1555362559027426608,33245,1555362559027426608,world,-2.89781951904,-0.815402746201,0.797112703323,-0.706431150436,0.162239134312,-0.321749567986,0.609188556671
1555362559037759551,33246,1555362559037759551,world,-2.89781093597,-0.815366983414,0.797105312347,-0.706384420395,0.161789178848,-0.321571350098,0.609456539154
1555362559047035215,33247,1555362559047035215,world,-2.89783859253,-0.815379142761,0.79714679718,-0.706378519535,0.161933377385,-0.321539789438,0.609441637993
1555362559057350797,33248,1555362559057350797,world,-2.89783096313,-0.815397500992,0.797177314758,-0.70640951395,0.162000432611,-0.321736365557,0.609284281731
1555362559057412303,33249,1555362559057412303,world,-2.8978471756,-0.815380096436,0.797234535217,-0.706320047379,0.161821901798,-0.32162976265,0.609491586685
1555362559067642038,33250,1555362559067642038,world,-2.89782428741,-0.81541967392,0.79717206955,-0.706412374973,0.162070587277,-0.321888238192,0.60918200016
1555362559087451589,33251,1555362559087451589,world,-2.89781761169,-0.815382003784,0.797123432159,-0.706380844116,0.162112891674,-0.321747541428,0.609281539917
1555362559096641867,33252,1555362559096641867,world,-2.89721393585,-0.81524014473,0.796817541122,-0.708039700985,0.166358157992,-0.319744497538,0.607262849808
1555362559096671499,33253,1555362559096671499,world,-2.89707946777,-0.815200328827,0.796840906143,-0.708483874798,0.167403206229,-0.319055259228,0.606820106506
1555362559106975940,33254,1555362559106975940,world,-2.89768505096,-0.815302371979,0.797134399414,-0.706795096397,0.162834122777,-0.321076899767,0.608962595463
1555362559117262608,33255,1555362559117262608,world,-2.89795207977,-0.815338373184,0.797259807587,-0.70623332262,0.161125823855,-0.321455329657,0.60986828804
1555362559117334555,33256,1555362559117334555,world,-2.89800834656,-0.815353155136,0.79722571373,-0.706017196178,0.160579606891,-0.321767896414,0.610097944736
1555362559126644521,33257,1555362559126644521,world,-2.89796066284,-0.815367221832,0.797129392624,-0.706003367901,0.161005064845,-0.322172224522,0.609788179398
1555362559136959828,33258,1555362559136959828,world,-2.8979177475,-0.815370082855,0.797138690948,-0.706038236618,0.161278158426,-0.322223007679,0.609648942947
1555362559147237041,33259,1555362559147237041,world,-2.89794635773,-0.815341472626,0.797280788422,-0.706042408943,0.160858646035,-0.32161167264,0.610077500343
1555362559157491788,33260,1555362559157491788,world,-2.89788246155,-0.815407752991,0.797281265259,-0.706150531769,0.161393493414,-0.322026789188,0.609591901302
1555362559157522307,33261,1555362559157522307,world,-2.89786720276,-0.81535077095,0.797196149826,-0.706261992455,0.161360368133,-0.321695059538,0.60964679718
1555362559166770081,33262,1555362559166770081,world,-2.8972454071,-0.815251111984,0.796831130981,-0.707914412022,0.165995717049,-0.31971436739,0.607523977757
1555362559187432581,33263,1555362559187432581,world,-2.89766216278,-0.815356016159,0.797022104263,-0.706833958626,0.163046434522,-0.321283847094,0.60875159502
1555362559187473401,33264,1555362559187473401,world,-2.89788913727,-0.815414428711,0.797249555588,-0.706290602684,0.161785826087,-0.321734040976,0.609480321407
1555362559196665571,33265,1555362559196665571,world,-2.89794445038,-0.815399646759,0.797313213348,-0.706120312214,0.161228522658,-0.321902602911,0.609736204147
1555362559217330234,33266,1555362559217330234,world,-2.89790821075,-0.815423250198,0.797212839127,-0.706168174744,0.16133967042,-0.322171390057,0.609509408474
1555362559217377183,33267,1555362559217377183,world,-2.89788532257,-0.815376996994,0.797118902206,-0.706207990646,0.161488503218,-0.321913301945,0.609560191631
1555362559227781886,33268,1555362559227781886,world,-2.89788722992,-0.815377235413,0.797123193741,-0.706278026104,0.161628127098,-0.321810126305,0.609496414661
1555362559227819882,33269,1555362559227819882,world,-2.89791202545,-0.81537604332,0.797226905823,-0.706281483173,0.161449998617,-0.321667611599,0.6096149683
1555362559237108544,33270,1555362559237108544,world,-2.89789772034,-0.815335273743,0.797247409821,-0.706305086613,0.161331146955,-0.321488082409,0.609713673592
1555362559247452960,33271,1555362559247452960,world,-2.89789772034,-0.815301895142,0.797238349915,-0.70632058382,0.161130875349,-0.321151196957,0.609926342964
1555362559256726624,33272,1555362559256726624,world,-2.89725780487,-0.81521487236,0.79693031311,-0.708031713963,0.166003108025,-0.319431245327,0.607534229755
1555362559267012891,33273,1555362559267012891,world,-2.89766597748,-0.815321207047,0.797070026398,-0.706824958324,0.163221210241,-0.320969641209,0.608880877495
1555362559277327595,33274,1555362559277327595,world,-2.89780426025,-0.815376996994,0.797130823135,-0.706423342228,0.162132292986,-0.321905195713,0.609143853188
1555362559277410668,33275,1555362559277410668,world,-2.89789199829,-0.815396547318,0.797200679779,-0.706166923046,0.161554038525,-0.322088748217,0.609497606754
1555362559297030395,33276,1555362559297030395,world,-2.89790534973,-0.815365791321,0.797224760056,-0.706186115742,0.161195501685,-0.321793049574,0.609726428986
1555362559297100848,33277,1555362559297100848,world,-2.89789104462,-0.815421581268,0.797220468521,-0.706145465374,0.161882400513,-0.322179198265,0.609387695789
1555362559307328694,33278,1555362559307328694,world,-2.89786720276,-0.815415620804,0.797173023224,-0.706247150898,0.16185554862,-0.321884810925,0.609432578087
1555362559317649345,33279,1555362559317649345,world,-2.89783859253,-0.81539273262,0.797107458115,-0.706321775913,0.161809235811,-0.321852266788,0.609375596046
1555362559317677665,33280,1555362559317677665,world,-2.89785289764,-0.815395355225,0.797098636627,-0.70635008812,0.1618450284,-0.321859359741,0.609329521656
1555362559327014761,33281,1555362559327014761,world,-2.89785861969,-0.815363645554,0.79718542099,-0.706319153309,0.161692589521,-0.3216355443,0.609523892403
1555362559337337819,33282,1555362559337337819,world,-2.89783668518,-0.815426111221,0.797218561172,-0.706295073032,0.162138000131,-0.322062522173,0.609207987785
1555362559347670788,33283,1555362559347670788,world,-2.89785861969,-0.815380811691,0.797239780426,-0.706300020218,0.161743700504,-0.321728825569,0.609483242035
1555362559356964958,33284,1555362559356964958,world,-2.89784431458,-0.815366744995,0.797108411789,-0.706317901611,0.162045717239,-0.321735858917,0.609378576279
1555362559367226264,33285,1555362559367226264,world,-2.89785194397,-0.815340042114,0.797089576721,-0.706321001053,0.161792337894,-0.321572303772,0.609528541565
1555362559367252211,33286,1555362559367252211,world,-2.89772987366,-0.815137863159,0.797177553177,-0.70626360178,0.161279529333,-0.321575582027,0.609729409218
1555362559377501610,33287,1555362559377501610,world,-2.89681148529,-0.813870429993,0.797236919403,-0.70643144846,0.159072875977,-0.320458650589,0.610701858997
1555362559397061811,33288,1555362559397061811,world,-2.89490699768,-0.811681032181,0.797169923782,-0.708294510841,0.159750655293,-0.319945961237,0.608632266521
1555362559397100714,33289,1555362559397100714,world,-2.89268875122,-0.809844255447,0.79704117775,-0.709093630314,0.166660025716,-0.324122935534,0.603618264198
1555362559407407829,33290,1555362559407407829,world,-2.89087295532,-0.808708190918,0.797139406204,-0.706907689571,0.176266878843,-0.330867439508,0.599781811237
1555362559417772223,33291,1555362559417772223,world,-2.88984870911,-0.80780339241,0.797344923019,-0.698895156384,0.185757026076,-0.343213647604,0.599369883537
1555362559427060449,33292,1555362559427060449,world,-2.88854122162,-0.807057380676,0.796938657761,-0.69717669487,0.199520364404,-0.353999018669,0.590610742569
1555362559427096529,33293,1555362559427096529,world,-2.88790416718,-0.806525468826,0.796866893768,-0.696267604828,0.205481678247,-0.355115532875,0.588966727257
1555362559437510527,33294,1555362559437510527,world,-2.88789844513,-0.806123495102,0.796813726425,-0.697818875313,0.203594297171,-0.351563304663,0.589916527271
1555362559446915612,33295,1555362559446915612,world,-2.88822937012,-0.806249856949,0.796822786331,-0.697596251965,0.20270806551,-0.352027028799,0.590208292007
1555362559467681681,33296,1555362559467681681,world,-2.88862133026,-0.806774139404,0.796760797501,-0.696708619595,0.203569829464,-0.354823708534,0.589284718037
1555362559467718077,33297,1555362559467718077,world,-2.88922214508,-0.807248353958,0.796823740005,-0.697324514389,0.20089545846,-0.352045506239,0.591137468815
1555362559467773717,33298,1555362559467773717,world,-2.88987159729,-0.807575464249,0.796919822693,-0.699254751205,0.194460079074,-0.347170263529,0.593886256218
1555362559477102156,33299,1555362559477102156,world,-2.89028930664,-0.807904958725,0.796995639801,-0.700505554676,0.190861418843,-0.344249635935,0.595278263092
1555362559487458770,33300,1555362559487458770,world,-2.89048099518,-0.808170557022,0.796952962875,-0.699981451035,0.191408216953,-0.34514850378,0.595198690891
1555362559496787899,33301,1555362559496787899,world,-2.89045906067,-0.808356523514,0.796917676926,-0.6994561553,0.192601546645,-0.346088081598,0.594885587692
1555362559507108956,33302,1555362559507108956,world,-2.89041996002,-0.808398246765,0.796972751617,-0.699793100357,0.191323444247,-0.344840824604,0.595625460148
1555362559507185097,33303,1555362559507185097,world,-2.89044857025,-0.808360099792,0.797018766403,-0.700502276421,0.18928770721,-0.343112051487,0.596440136433
1555362559517550359,33304,1555362559517550359,world,-2.89054298401,-0.808393001556,0.797040939331,-0.700830042362,0.188375174999,-0.342453360558,0.596722483635
1555362559537125463,33305,1555362559537125463,world,-2.89059925079,-0.808533906937,0.796976327896,-0.700424909592,0.189148038626,-0.34307795763,0.596595048904
1555362559537163396,33306,1555362559537163396,world,-2.89066886902,-0.808606863022,0.796970367432,-0.700349032879,0.189266711473,-0.343339204788,0.596496045589
1555362559547669263,33307,1555362559547669263,world,-2.8907623291,-0.808663606644,0.797047376633,-0.700504243374,0.188853919506,-0.343099594116,0.596582472324
1555362559557016825,33308,1555362559557016825,world,-2.89080429077,-0.808640241623,0.797034502029,-0.700862586498,0.188232794404,-0.342341035604,0.596793830395
1555362559567346085,33309,1555362559567346085,world,-2.89080142975,-0.808709621429,0.796949625015,-0.700755059719,0.188669711351,-0.342594623566,0.596636414528
1555362559577638912,33310,1555362559577638912,world,-2.89081954956,-0.808732032776,0.796973466873,-0.700619637966,0.188973993063,-0.342960953712,0.596488773823
1555362559577694112,33311,1555362559577694112,world,-2.89081192017,-0.808789730072,0.796973705292,-0.700461924076,0.189193487167,-0.343215376139,0.596458077431
1555362559586980901,33312,1555362559586980901,world,-2.89085102081,-0.808751106262,0.797022819519,-0.700675845146,0.188641995192,-0.342462748289,0.596813857555
1555362559597363764,33313,1555362559597363764,world,-2.89082431793,-0.808725833893,0.796958446503,-0.700845777988,0.188628688455,-0.342400819063,0.596654057503
1555362559627153977,33314,1555362559627153977,world,-2.89080905914,-0.808752536774,0.796916007996,-0.700650811195,0.188944190741,-0.342665880919,0.596630990505
1555362559627192725,33315,1555362559627192725,world,-2.89085292816,-0.808738946915,0.796969175339,-0.700562775135,0.188787162304,-0.342722207308,0.59675180912
1555362559627245044,33316,1555362559627245044,world,-2.89085865021,-0.808735370636,0.797021627426,-0.70054936409,0.188520655036,-0.342546582222,0.596952676773
1555362559627267724,33317,1555362559627267724,world,-2.8908700943,-0.808772325516,0.797050237656,-0.700627565384,0.188416525722,-0.342589735985,0.596868991852
1555362559637629008,33318,1555362559637629008,world,-2.89082145691,-0.808733463287,0.79701256752,-0.700608491898,0.188671931624,-0.342673182487,0.596762657166
1555362559646952037,33319,1555362559646952037,world,-2.89083003998,-0.808764457703,0.796878099442,-0.700694561005,0.188884243369,-0.342804312706,0.596519231796
1555362559657274698,33320,1555362559657274698,world,-2.89082145691,-0.808768033981,0.796945571899,-0.70070040226,0.188918203115,-0.342624157667,0.59660500288
1555362559667605583,33321,1555362559667605583,world,-2.89084720612,-0.808781862259,0.797019958496,-0.700670838356,0.188743323088,-0.342660039663,0.596674382687
1555362559667681990,33322,1555362559667681990,world,-2.89088916779,-0.808754444122,0.797065496445,-0.70066344738,0.188559681177,-0.342616170645,0.596766412258
1555362559676991434,33323,1555362559676991434,world,-2.89085197449,-0.80872964859,0.797020673752,-0.700661838055,0.188559442759,-0.342484921217,0.596843898296
1555362559687385453,33324,1555362559687385453,world,-2.89087295532,-0.808721780777,0.796941041946,-0.700547277927,0.188528612256,-0.3426900208,0.596870303154
1555362559697734068,33325,1555362559697734068,world,-2.89083099365,-0.808748960495,0.796890497208,-0.700600206852,0.188834264874,-0.342664510012,0.596726059914
1555362559707191459,33326,1555362559707191459,world,-2.89078521729,-0.808738708496,0.796955823898,-0.700680732727,0.188847467303,-0.342408776283,0.596774101257
1555362559717581843,33327,1555362559717581843,world,-2.89084720612,-0.808741807938,0.797035932541,-0.70068103075,0.188506618142,-0.342661172152,0.59673678875
1555362559737167311,33328,1555362559737167311,world,-2.89079475403,-0.808712482452,0.797029733658,-0.700863599777,0.188665375113,-0.342245936394,0.596710503101
1555362559737194023,33329,1555362559737194023,world,-2.89082813263,-0.808748245239,0.796961069107,-0.700673818588,0.188684687018,-0.342778086662,0.596621751785
1555362559737234046,33330,1555362559737234046,world,-2.89082145691,-0.808753490448,0.796906709671,-0.700699388981,0.188769876957,-0.342961102724,0.596459507942
1555362559747660962,33331,1555362559747660962,world,-2.89079189301,-0.808777332306,0.796914577484,-0.700767159462,0.189022496343,-0.342622697353,0.596494436264
1555362559757057151,33332,1555362559757057151,world,-2.89080905914,-0.808777093887,0.796951532364,-0.700755894184,0.188831210136,-0.342751055956,0.596494555473
1555362559767372369,33333,1555362559767372369,world,-2.89086914062,-0.808789253235,0.797044277191,-0.700708687305,0.188620999455,-0.342897325754,0.596532464027
1555362559767412456,33334,1555362559767412456,world,-2.89086341858,-0.808747768402,0.797065258026,-0.700725793839,0.18841843307,-0.342558860779,0.596770763397
1555362559777731797,33335,1555362559777731797,world,-2.89085769653,-0.808753728867,0.796960115433,-0.700633823872,0.18868483603,-0.342823177576,0.59664285183
1555362559787009202,33336,1555362559787009202,world,-2.89086914062,-0.808753967285,0.796895742416,-0.700759232044,0.188717380166,-0.342647582293,0.596586108208
1555362559807535001,33337,1555362559807535001,world,-2.89085483551,-0.808731555939,0.79693365097,-0.700654566288,0.188700571656,-0.342633157969,0.596722483635
1555362559807572044,33338,1555362559807572044,world,-2.890873909,-0.808754920959,0.797009468079,-0.700614333153,0.188515454531,-0.342593878508,0.596850812435
1555362559807603741,33339,1555362559807603741,world,-2.89089012146,-0.808704376221,0.797054290771,-0.700667619705,0.188371643424,-0.342582821846,0.596840143204
1555362559827079449,33340,1555362559827079449,world,-2.89086818695,-0.808741569519,0.797013044357,-0.700584709644,0.188617065549,-0.342706471682,0.596789002419
1555362559827106385,33341,1555362559827106385,world,-2.89085102081,-0.808701038361,0.796965360641,-0.700688898563,0.188657656312,-0.342523127794,0.596758961678
1555362559837475469,33342,1555362559837475469,world,-2.89082336426,-0.808768749237,0.796869754791,-0.700740337372,0.188773795962,-0.342709302902,0.596554994583
1555362559846742524,33343,1555362559846742524,world,-2.89082813263,-0.808739900589,0.796918869019,-0.700704813004,0.188876315951,-0.342757701874,0.596536397934
1555362559857040736,33344,1555362559857040736,world,-2.89084148407,-0.808737277985,0.796986818314,-0.700692474842,0.188538134098,-0.342701464891,0.596690297127
1555362559867347637,33345,1555362559867347637,world,-2.89083862305,-0.808757543564,0.797044992447,-0.700639605522,0.188636034727,-0.342754453421,0.596690833569
1555362559867408771,33346,1555362559867408771,world,-2.89085674286,-0.808751821518,0.797026395798,-0.700679779053,0.188617393374,-0.342828512192,0.596606969833
1555362559886956850,33347,1555362559886956850,world,-2.89081478119,-0.80873799324,0.796888113022,-0.700749695301,0.188709393144,-0.342509418726,0.596679091454
1555362559897413471,33348,1555362559897413471,world,-2.89080429077,-0.808777093887,0.796895742416,-0.700701594353,0.188779145479,-0.342633098364,0.596642434597
1555362559897452043,33349,1555362559897452043,world,-2.89083576202,-0.808756828308,0.796983480453,-0.700663805008,0.188738808036,-0.342642307281,0.596694469452
1555362559906833072,33350,1555362559906833072,world,-2.89089870453,-0.808769702911,0.797094345093,-0.700649440289,0.188335686922,-0.342524260283,0.596906363964
1555362559927418760,33351,1555362559927418760,world,-2.8909034729,-0.808737516403,0.797091007233,-0.700651586056,0.18836197257,-0.342265576124,0.597043931484
1555362559927456726,33352,1555362559927456726,world,-2.89089012146,-0.80873465538,0.796937465668,-0.700773060322,0.188637137413,-0.342204481363,0.596849322319
1555362559927507471,33353,1555362559927507471,world,-2.89084911346,-0.80876326561,0.796876907349,-0.700736820698,0.188887670636,-0.342701345682,0.596527695656
1555362559936720896,33354,1555362559936720896,world,-2.89083957672,-0.808758497238,0.796958208084,-0.700659573078,0.188757255673,-0.342707186937,0.59665620327
1555362559946999994,33355,1555362559946999994,world,-2.8908662796,-0.808782815933,0.79705286026,-0.700586855412,0.188485041261,-0.342979818583,0.596670985222
1555362559967704541,33356,1555362559967704541,world,-2.89087295532,-0.808748006821,0.797115087509,-0.700652897358,0.188516154885,-0.342701584101,0.59674346447
1555362559987387924,33357,1555362559987387924,world,-2.89085197449,-0.80877995491,0.796971082687,-0.700630962849,0.188761487603,-0.342634826899,0.596730113029
1555362559987459116,33359,1555362559987459116,world,-2.89083099365,-0.808754205704,0.796917915344,-0.700651705265,0.188882902265,-0.342623740435,0.596673607826
1555362560006883925,33360,1555362560006883925,world,-2.89084148407,-0.808770179749,0.797014474869,-0.70062738657,0.1887383461,-0.342952996492,0.596558690071
1555362560027587051,33361,1555362560027587051,world,-2.89084339142,-0.80871629715,0.797116279602,-0.70067691803,0.188455283642,-0.34274160862,0.59671163559
1555362560027624859,33362,1555362560027624859,world,-2.89085292816,-0.808741092682,0.797026872635,-0.700647830963,0.188592851162,-0.342661857605,0.596748113632
1555362560036982060,33363,1555362560036982060,world,-2.89085483551,-0.808735370636,0.796942234039,-0.700646936893,0.18850210309,-0.34253385663,0.596851170063
1555362560037021516,33364,1555362560037021516,world,-2.89084911346,-0.808743715286,0.796909809113,-0.70057028532,0.188699647784,-0.342646449804,0.596814274788
1555362560037073073,33365,1555362560037073073,world,-2.89085102081,-0.808749437332,0.796984672546,-0.700674295425,0.188475549221,-0.34245967865,0.596870183945
1555362560037097523,33366,1555362560037097523,world,-2.89082431793,-0.80876326561,0.797030448914,-0.700639665127,0.188603132963,-0.342647761106,0.596762597561
1555362560047381706,33367,1555362560047381706,world,-2.89083194733,-0.808754920959,0.796993017197,-0.700671434402,0.188578829169,-0.342696905136,0.596704721451
1555362560057642191,33368,1555362560057642191,world,-2.89084720612,-0.808788776398,0.796967744827,-0.700613319874,0.188720464706,-0.342811614275,0.596662163734
1555362560057678773,33369,1555362560057678773,world,-2.89086055756,-0.808758497238,0.796977758408,-0.700728714466,0.188684895635,-0.342407852411,0.596769690514
1555362560077254522,33370,1555362560077254522,world,-2.89088726044,-0.808812618256,0.796946525574,-0.700733184814,0.188609063625,-0.342601776123,0.596677303314
1555362560086829889,33371,1555362560086829889,world,-2.89083194733,-0.808763027191,0.79695725441,-0.700706481934,0.188617572188,-0.342499375343,0.596764564514
1555362560097110172,33372,1555362560097110172,world,-2.89083576202,-0.808788537979,0.796926021576,-0.700645744801,0.188762381673,-0.342740684748,0.596651673317
1555362560097147168,33373,1555362560097147168,world,-2.89086341858,-0.808763742447,0.797007083893,-0.700653016567,0.188534766436,-0.342671722174,0.596754729748
1555362560107445611,33374,1555362560107445611,world,-2.89084529877,-0.808779478073,0.797019004822,-0.700642943382,0.188687890768,-0.342831581831,0.596626222134
1555362560117684457,33375,1555362560117684457,world,-2.89084243774,-0.808752059937,0.796994924545,-0.700799524784,0.188801243901,-0.342564493418,0.596559882164
1555362560117729336,33376,1555362560117729336,world,-2.89083194733,-0.808731794357,0.79692363739,-0.700764656067,0.188765391707,-0.342445135117,0.596680641174
1555362560127686542,33377,1555362560127686542,world,-2.89082241058,-0.808739900589,0.796884536743,-0.700711905956,0.188722580671,-0.342612475157,0.59666031599
1555362560136977570,33378,1555362560136977570,world,-2.89084625244,-0.808738470078,0.796942949295,-0.700650453568,0.188662290573,-0.342733621597,0.596681833267
1555362560147228807,33379,1555362560147228807,world,-2.89147090912,-0.808921098709,0.797325134277,-0.698660254478,0.184850126505,-0.345437973738,0.598645925522
1555362560157505160,33380,1555362560157505160,world,-2.89101409912,-0.808800697327,0.797078132629,-0.70011895895,0.187559917569,-0.34353479743,0.59719234705
1555362560157545406,33381,1555362560157545406,world,-2.89080524445,-0.808746814728,0.796925067902,-0.700775206089,0.18886359036,-0.342637330294,0.5965269804
1555362560166800289,33382,1555362560166800289,world,-2.89073848724,-0.808724403381,0.796870231628,-0.700955688953,0.189183339477,-0.342310220003,0.596401393414
1555362560177184511,33383,1555362560177184511,world,-2.89075946808,-0.80877327919,0.796875238419,-0.700974941254,0.189297482371,-0.34248700738,0.59624093771
1555362560187513820,33384,1555362560187513820,world,-2.8907995224,-0.808739185333,0.797019958496,-0.700846254826,0.188828751445,-0.342490941286,0.596538484097
1555362560196963164,33385,1555362560196963164,world,-2.8908033371,-0.808784008026,0.79696393013,-0.700806260109,0.189026430249,-0.342747867107,0.596375226974
1555362560207246960,33386,1555362560207246960,world,-2.89077949524,-0.808738231659,0.796947479248,-0.700726151466,0.18882919848,-0.342595398426,0.596619606018
1555362560217668389,33387,1555362560217668389,world,-2.89080047607,-0.808736085892,0.796921253204,-0.700733780861,0.188791945577,-0.342584311962,0.596628665924
1555362560226919456,33388,1555362560226919456,world,-2.89086151123,-0.808722734451,0.796944618225,-0.700723230839,0.188813686371,-0.342566400766,0.59664452076
1555362560226957773,33389,1555362560226957773,world,-2.89082336426,-0.808711051941,0.796947479248,-0.70066934824,0.18890221417,-0.342509537935,0.596712470055
1555362560237278335,33390,1555362560237278335,world,-2.89083385468,-0.808771371841,0.796955347061,-0.700700342655,0.18884062767,-0.343071609735,0.596372485161
1555362560247651178,33391,1555362560247651178,world,-2.89087867737,-0.808682918549,0.797033786774,-0.700691819191,0.188471764326,-0.342661708593,0.596734702587
1555362560257086793,33392,1555362560257086793,world,-2.89087867737,-0.808727502823,0.797018051147,-0.700642168522,0.188622489572,-0.342633992434,0.596761345863
1555362560267550479,33393,1555362560267550479,world,-2.8908405304,-0.80872964859,0.796992063522,-0.700644075871,0.188755393028,-0.342616707087,0.596727013588
1555362560267618739,33394,1555362560267618739,world,-2.89088249207,-0.808679819107,0.79695057869,-0.700646221638,0.188697636127,-0.342678576708,0.596707224846
1555362560287215057,33395,1555362560287215057,world,-2.89085578918,-0.808690071106,0.796899557114,-0.700736165047,0.188631668687,-0.342451035976,0.596753120422
1555362560287283590,33396,1555362560287283590,world,-2.89085578918,-0.808737516403,0.797011375427,-0.700703859329,0.188495576382,-0.342565536499,0.596768379211
1555362560297535762,33397,1555362560297535762,world,-2.89088630676,-0.808739423752,0.79715180397,-0.700713157654,0.188428685069,-0.342693328857,0.596705198288
1555362560306826165,33398,1555362560306826165,world,-2.89086437225,-0.808755636215,0.797022819519,-0.700744211674,0.188554182649,-0.342719227076,0.5966142416
1555362560317120753,33399,1555362560317120753,world,-2.89077377319,-0.808762311935,0.796850681305,-0.700843691826,0.188895195723,-0.342427104712,0.596557080746
1555362560327416199,33400,1555362560327416199,world,-2.89082622528,-0.808754444122,0.796846151352,-0.700770378113,0.188832268119,-0.34258890152,0.596570253372
1555362560327444267,33401,1555362560327444267,world,-2.89150333405,-0.808926105499,0.797291517258,-0.69868594408,0.184735193849,-0.345232665539,0.598769783974
1555362560337689365,33402,1555362560337689365,world,-2.8910369873,-0.808829784393,0.797209739685,-0.700048863888,0.187391102314,-0.34364387393,0.597264647484
1555362560347116383,33403,1555362560347116383,world,-2.89084339142,-0.808776378632,0.797025203705,-0.700522780418,0.188692301512,-0.3428837955,0.59673589468
1555362560367731519,33404,1555362560367731519,world,-2.89071655273,-0.808705329895,0.796810150146,-0.701007008553,0.189206838608,-0.342043817043,0.596486389637
1555362560367761486,33405,1555362560367761486,world,-2.89075946808,-0.808734893799,0.796791315079,-0.700986742973,0.189436793327,-0.342452466488,0.596202671528
1555362560367810243,33406,1555362560367810243,world,-2.89080715179,-0.808721542358,0.797013044357,-0.700850605965,0.189163327217,-0.342442333698,0.596455335617
1555362560387298329,33407,1555362560387298329,world,-2.89079189301,-0.808709144592,0.797073841095,-0.701006710529,0.188906848431,-0.342127472162,0.596533894539
1555362560387339003,33408,1555362560387339003,world,-2.89081287384,-0.808686256409,0.797013282776,-0.700852453709,0.188660740852,-0.342411190271,0.596630215645
1555362560397743261,33409,1555362560397743261,world,-2.89081192017,-0.808733701706,0.796880960464,-0.700791418552,0.188812673092,-0.342483788729,0.596612095833
1555362560407026679,33410,1555362560407026679,world,-2.89080429077,-0.808775424957,0.796860694885,-0.70074570179,0.189060896635,-0.34281489253,0.596397101879
1555362560417450326,33411,1555362560417450326,world,-2.8908624649,-0.808760643005,0.797002077103,-0.700692772865,0.188698083162,-0.342824548483,0.596568524837
1555362560417488609,33412,1555362560417488609,world,-2.89080619812,-0.808728694916,0.797066450119,-0.700755238533,0.188632518053,-0.342449396849,0.596731364727
1555362560426776873,33413,1555362560426776873,world,-2.89082813263,-0.80872797966,0.796989440918,-0.700762867928,0.188600033522,-0.342638224363,0.596624314785
1555362560447531205,33414,1555362560447531205,world,-2.89077758789,-0.808694601059,0.796889305115,-0.70087659359,0.188660949469,-0.342177838087,0.596735656261
1555362560447572430,33415,1555362560447572430,world,-2.89081382751,-0.808778047562,0.796875953674,-0.700737476349,0.188691303134,-0.34300839901,0.596412420273
1555362560457058388,33416,1555362560457058388,world,-2.89085960388,-0.80876326561,0.79695057869,-0.700638592243,0.188692882657,-0.342646747828,0.596736073494
1555362560467441466,33417,1555362560467441466,world,-2.89086151123,-0.808720827103,0.797034502029,-0.700651228428,0.188544273376,-0.342619329691,0.59678375721
1555362560476647921,33418,1555362560476647921,world,-2.89083099365,-0.808699607849,0.796940326691,-0.70063406229,0.188627243042,-0.342673569918,0.596746563911
1555362560486966945,33419,1555362560486966945,world,-2.8908700943,-0.808742046356,0.796972513199,-0.700606048107,0.188590377569,-0.343014329672,0.596595466137
1555362560487002409,33420,1555362560487002409,world,-2.89084911346,-0.80871796608,0.7969789505,-0.700700163841,0.18873617053,-0.342789977789,0.596567571163
1555362560497348640,33421,1555362560497348640,world,-2.89082431793,-0.808745622635,0.796933889389,-0.700793266296,0.188769266009,-0.342418670654,0.596661090851
1555362560507612899,33422,1555362560507612899,world,-2.8908662796,-0.808684825897,0.796987533569,-0.700717568398,0.188508182764,-0.342473000288,0.596801221371
1555362560517005779,33423,1555362560517005779,world,-2.89082813263,-0.808705806732,0.796944856644,-0.700723230839,0.188654139638,-0.342720776796,0.596606373787
1555362560517044726,33424,1555362560517044726,world,-2.89085769653,-0.80873465538,0.796962499619,-0.700684845448,0.188398614526,-0.342700749636,0.596743702888
1555362560527340687,33425,1555362560527340687,world,-2.89090538025,-0.808710336685,0.797002077103,-0.700721740723,0.188466966152,-0.342686653137,0.596686840057
1555362560537679908,33426,1555362560537679908,world,-2.89084148407,-0.808801412582,0.796976804733,-0.700574696064,0.188890889287,-0.343219548464,0.596419215202
1555362560546908075,33427,1555362560546908075,world,-2.89084339142,-0.80873966217,0.796971321106,-0.700639724731,0.188834771514,-0.342931747437,0.596525907516
1555362560557214190,33428,1555362560557214190,world,-2.8908624649,-0.80875658989,0.796985626221,-0.700646400452,0.188752755523,-0.342960834503,0.596527338028
1555362560567489534,33429,1555362560567489534,world,-2.89087104797,-0.808704614639,0.79701089859,-0.700697183609,0.188597247005,-0.342608571053,0.596719264984
1555362560567538014,33430,1555362560567538014,world,-2.89088821411,-0.808815002441,0.796982526779,-0.700632274151,0.188736647367,-0.343069165945,0.596486747265
1555362560576946973,33431,1555362560576946973,world,-2.890873909,-0.808758020401,0.796984195709,-0.700602054596,0.188723191619,-0.342756986618,0.596705913544
1555362560617343141,33432,1555362560617343141,world,-2.8909034729,-0.808713436127,0.796976566315,-0.700697124004,0.188578933477,-0.342665284872,0.596692740917
1555362560617391649,33433,1555362560617391649,world,-2.89089584351,-0.808711051941,0.796968460083,-0.700651168823,0.1885509938,-0.342720389366,0.596723794937
1555362560617453709,33434,1555362560617453709,world,-2.89089870453,-0.808676242828,0.79695725441,-0.700671434402,0.18847964704,-0.342527389526,0.596833229065
1555362560617503940,33435,1555362560617503940,world,-2.89096927643,-0.808701038361,0.796972036362,-0.700711369514,0.18846192956,-0.342666000128,0.596712291241
1555362560617531854,33436,1555362560617531854,world,-2.89094924927,-0.808650255203,0.796974420547,-0.700721561909,0.18842215836,-0.342542201281,0.596784234047
1555362560626824225,33437,1555362560626824225,world,-2.89095211029,-0.808684587479,0.796960115433,-0.700694262981,0.188452467322,-0.342837303877,0.596637129784
1555362560637201196,33438,1555362560637201196,world,-2.89093208313,-0.808629274368,0.796979665756,-0.700744569302,0.188442736864,-0.342738956213,0.596637666225
1555362560647472807,33439,1555362560647472807,world,-2.89093017578,-0.808703660965,0.796917676926,-0.70057040453,0.188727334142,-0.342865377665,0.596679568291
1555362560656664699,33440,1555362560656664699,world,-2.8909368515,-0.808694839478,0.796945095062,-0.700651049614,0.188697069883,-0.342828124762,0.596615731716
1555362560656736063,33441,1555362560656736063,world,-2.89094734192,-0.808696746826,0.796976566315,-0.700669765472,0.188460588455,-0.342740058899,0.596719264984
1555362560677270248,33442,1555362560677270248,world,-2.89091205597,-0.808712720871,0.796967744827,-0.700665533543,0.188670545816,-0.342799812555,0.59662348032
1555362560697037987,33443,1555362560697037987,world,-2.89089012146,-0.808715820312,0.79695892334,-0.700812697411,0.188537865877,-0.342491239309,0.596669852734
1555362560707421105,33444,1555362560707421105,world,-2.89084339142,-0.808755874634,0.796935796738,-0.70072555542,0.188764974475,-0.342695832253,0.596582889557
1555362560707516992,33447,1555362560707516992,world,-2.89084911346,-0.808818340302,0.797019720078,-0.700658977032,0.188594192266,-0.342893451452,0.59660166502
1555362560716819907,33448,1555362560716819907,world,-2.89085578918,-0.808773517609,0.797030210495,-0.700697243214,0.188392594457,-0.342467933893,0.596864581108
1555362560727097725,33449,1555362560727097725,world,-2.89085674286,-0.808770179749,0.796963453293,-0.700664699078,0.188613265753,-0.342773526907,0.596657693386
1555362560737373489,33450,1555362560737373489,world,-2.89087867737,-0.808721542358,0.79695057869,-0.700733721256,0.188439428806,-0.342451483011,0.596816420555
1555362560757020717,33451,1555362560757020717,world,-2.89087104797,-0.808752059937,0.796959638596,-0.700736641884,0.188571125269,-0.342640250921,0.596662938595
1555362560767335265,33452,1555362560767335265,world,-2.89090251923,-0.808689594269,0.796989679337,-0.700790166855,0.188363060355,-0.342305541039,0.596858024597
1555362560767391402,33454,1555362560767391402,world,-2.89089679718,-0.80863404274,0.796990633011,-0.700711786747,0.188504055142,-0.342207819223,0.59696161747
1555362560777632097,33455,1555362560777632097,world,-2.89089202881,-0.808698177338,0.796964406967,-0.700641989708,0.18862131238,-0.342753142118,0.596693456173
1555362560797194074,33456,1555362560797194074,world,-2.89087963104,-0.808682441711,0.796905755997,-0.700626194477,0.188629820943,-0.342837244272,0.596660971642
1555362560797231897,33457,1555362560797231897,world,-2.8909072876,-0.808703899384,0.796917676926,-0.70056271553,0.188768967986,-0.34291601181,0.596646308899
1555362560807455125,33458,1555362560807455125,world,-2.89093399048,-0.808734893799,0.797016143799,-0.700620293617,0.188610285521,-0.342795103788,0.596698224545
1555362560807486078,33459,1555362560807486078,world,-2.89092445374,-0.808706045151,0.797045230865,-0.700630009174,0.188443616033,-0.342642217875,0.59682738781
1555362560827060818,33460,1555362560827060818,world,-2.89089107513,-0.808752059937,0.79694890976,-0.700608372688,0.188747137785,-0.34290394187,0.596606433392
1555362560837318211,33461,1555362560837318211,world,-2.89087867737,-0.808716058731,0.796948432922,-0.700654983521,0.188550516963,-0.34256529808,0.596808433533
1555362560837345279,33462,1555362560837345279,world,-2.89087295532,-0.808762550354,0.796941518784,-0.70070374012,0.188588351011,-0.34271761775,0.596651732922
1555362560847618061,33463,1555362560847618061,world,-2.8908662796,-0.808747529984,0.796996831894,-0.700697183609,0.188625797629,-0.342701554298,0.596656799316
1555362560856905236,33464,1555362560856905236,world,-2.89148712158,-0.80889749527,0.79732298851,-0.69867759943,0.184791043401,-0.345444977283,0.598639845848
1555362560856949926,33465,1555362560856949926,world,-2.89101600647,-0.808785915375,0.797047615051,-0.700073301792,0.187682181597,-0.343547582626,0.597200036049
1555362560877427246,33466,1555362560877427246,world,-2.89077186584,-0.808738708496,0.79686665535,-0.700793385506,0.188928097486,-0.342410176992,0.596615493298
1555362560887769447,33467,1555362560887769447,world,-2.89076328278,-0.80867600441,0.796850919724,-0.700940549374,0.189202740788,-0.342448204756,0.596333622932
1555362560887822624,33468,1555362560887822624,world,-2.89082336426,-0.80871462822,0.796972036362,-0.700864970684,0.188990131021,-0.342653125525,0.596372246742
1555362560897087834,33469,1555362560897087834,world,-2.8908290863,-0.808676242828,0.79699921608,-0.700897872448,0.188828498125,-0.342459440231,0.596495985985
1555362560907455688,33470,1555362560907455688,world,-2.8908662796,-0.808672904968,0.796960115433,-0.700692117214,0.188766092062,-0.342377781868,0.596804201603
1555362560916659208,33471,1555362560916659208,world,-2.89085197449,-0.808654546738,0.796878099442,-0.700860142708,0.188828662038,-0.34228259325,0.596641778946
1555362560916697298,33472,1555362560916697298,world,-2.89085578918,-0.808698177338,0.796870470047,-0.700843334198,0.188855156302,-0.342659950256,0.596436560154
1555362560926934243,33473,1555362560926934243,world,-2.8908700943,-0.808707714081,0.796974420547,-0.700789928436,0.188526198268,-0.342530369759,0.596677780151
1555362560937175854,33474,1555362560937175854,world,-2.89089202881,-0.808709859848,0.797055721283,-0.700652897358,0.188436880708,-0.342769414186,0.596729636192
1555362560947457546,33475,1555362560947457546,world,-2.89089679718,-0.808704614639,0.797016382217,-0.700635075569,0.188573926687,-0.342820852995,0.596677720547
1555362560956710583,33476,1555362560956710583,world,-2.8908405304,-0.808719396591,0.796882867813,-0.700795173645,0.188747033477,-0.342657804489,0.596528589725
1555362560967184684,33477,1555362560967184684,world,-2.89085006714,-0.808785676956,0.796884298325,-0.700606882572,0.188885986805,-0.343161612749,0.596416115761
1555362560967251931,33478,1555362560967251931,world,-2.89084720612,-0.808717489243,0.79697394371,-0.700684309006,0.18861065805,-0.342691779137,0.596682310104
1555362560977635576,33479,1555362560977635576,world,-2.89087772369,-0.808743476868,0.79708647728,-0.700669646263,0.188557595015,-0.342809647322,0.59664863348
1555362560997194386,33480,1555362560997194386,world,-2.89084148407,-0.808690309525,0.797034978867,-0.700722754002,0.188618779182,-0.342760115862,0.596595406532
1555362560997245482,33481,1555362560997245482,world,-2.8908405304,-0.80877661705,0.79691028595,-0.70058631897,0.188825115561,-0.343106746674,0.596491158009
1555362561007450928,33482,1555362561007450928,world,-2.89081859589,-0.808713436127,0.796867847443,-0.700763344765,0.188687771559,-0.342628806829,0.596601426601
1555362561007498921,33483,1555362561007498921,world,-2.89084339142,-0.808778047562,0.796911239624,-0.700601637363,0.188797369599,-0.343044668436,0.596517682076
1555362561016821617,33484,1555362561016821617,world,-2.890873909,-0.808723688126,0.797121286392,-0.700588285923,0.188452079892,-0.342669636011,0.596857905388
1555362561027218270,33485,1555362561027218270,world,-2.89089679718,-0.808720827103,0.79710650444,-0.700581848621,0.188532605767,-0.342780739069,0.596776366234
1555362561037647803,33486,1555362561037647803,world,-2.89085960388,-0.808727741241,0.79693198204,-0.700570523739,0.188735812902,-0.342950552702,0.596627891064
1555362561047053333,33487,1555362561047053333,world,-2.89082050323,-0.808713674545,0.796774625778,-0.700652182102,0.188973858953,-0.342837840319,0.596521258354
1555362561057442359,33488,1555362561057442359,world,-2.89087963104,-0.808750152588,0.796898841858,-0.70065921545,0.188855141401,-0.343032687902,0.596438586712
1555362561067746711,33489,1555362561067746711,world,-2.89088344574,-0.808691263199,0.797077655792,-0.70067602396,0.188520804048,-0.342659264803,0.596739172935
1555362561067774983,33490,1555362561067774983,world,-2.89148426056,-0.808892011642,0.797396183014,-0.698742628098,0.184844195843,-0.345459133387,0.598539412022
1555362561077171119,33491,1555362561077171119,world,-2.89099979401,-0.808751106262,0.797041654587,-0.700116455555,0.187682136893,-0.343415409327,0.597225546837
1555362561087687269,33492,1555362561087687269,world,-2.89079284668,-0.808734178543,0.796772956848,-0.700843453407,0.189079672098,-0.342578262091,0.59641212225
1555362561097174658,33493,1555362561097174658,world,-2.89077663422,-0.808714866638,0.7968313694,-0.700978338718,0.18916516006,-0.342297226191,0.596388041973
1555362561107615103,33494,1555362561107615103,world,-2.89078712463,-0.808738708496,0.796941757202,-0.700889706612,0.18919813633,-0.342632710934,0.596288919449
1555362561117003472,33495,1555362561117003472,world,-2.89082241058,-0.808680295944,0.797071218491,-0.700869739056,0.188678950071,-0.342521548271,0.596540749073
1555362561127263952,33496,1555362561127263952,world,-2.89084815979,-0.808674097061,0.796971797943,-0.700807213783,0.188848689198,-0.342724025249,0.596444129944
1555362561127296527,33497,1555362561127296527,world,-2.89083862305,-0.808748245239,0.796900033951,-0.700783073902,0.188913106918,-0.342972904444,0.596309065819
1555362561137782878,33498,1555362561137782878,world,-2.89082622528,-0.808708906174,0.796873092651,-0.70079267025,0.188926890492,-0.342801034451,0.596392154694
1555362561147050996,33499,1555362561147050996,world,-2.8908700943,-0.808733940125,0.796906709671,-0.700641870499,0.188995584846,-0.342939376831,0.596468269825
1555362561157352605,33500,1555362561157352605,world,-2.89085960388,-0.808688640594,0.797033786774,-0.700583577156,0.188543096185,-0.342643678188,0.596849679947
1555362561167645760,33501,1555362561167645760,world,-2.89152145386,-0.808839797974,0.797351121902,-0.698714256287,0.184506893158,-0.34509241581,0.598887979984
1555362561167669109,33502,1555362561167669109,world,-2.89105510712,-0.808751344681,0.797095060349,-0.700187861919,0.187534749508,-0.343347996473,0.59722673893
1555362561176923920,33503,1555362561176923920,world,-2.89081573486,-0.808708667755,0.796876192093,-0.700759708881,0.188915014267,-0.342790991068,0.596440434456
1555362561187124774,33504,1555362561187124774,world,-2.89077663422,-0.808744430542,0.796790838242,-0.700871944427,0.189299985766,-0.342564731836,0.596316516399
1555362561197484659,33505,1555362561197484659,world,-2.89078712463,-0.80868768692,0.796974420547,-0.700909614563,0.189124807715,-0.342406302691,0.59641879797
1555362561206723845,33506,1555362561206723845,world,-2.89141559601,-0.808893918991,0.797352790833,-0.698947608471,0.185239210725,-0.345187067986,0.598334848881
1555362561217063277,33507,1555362561217063277,world,-2.89100646973,-0.808742046356,0.797067642212,-0.700289130211,0.187608942389,-0.343040168285,0.597261667252
1555362561227372952,33508,1555362561227372952,world,-2.890832901,-0.808694601059,0.796834945679,-0.700904667377,0.188930809498,-0.342321544886,0.596534848213
1555362561237804644,33509,1555362561237804644,world,-2.89071941376,-0.80865073204,0.796718835831,-0.701213181019,0.189379379153,-0.34180110693,0.596328377724
1555362561237824555,33510,1555362561237824555,world,-2.8907957077,-0.808685541153,0.796938180923,-0.701021909714,0.189202159643,-0.342322379351,0.59631061554
1555362561247041698,33511,1555362561247041698,world,-2.89084434509,-0.808663845062,0.797095060349,-0.701001405716,0.188820645213,-0.342298179865,0.596469342709
1555362561257284501,33512,1555362561257284501,world,-2.89086341858,-0.808686971664,0.79701924324,-0.700819790363,0.188917919993,-0.342890411615,0.596311986446
1555362561267532869,33513,1555362561267532869,world,-2.89083385468,-0.80867934227,0.796821832657,-0.700840294361,0.189040526748,-0.342704325914,0.596355855465
1555362561267582807,33514,1555362561267582807,world,-2.8908700943,-0.808709621429,0.796788454056,-0.700740396976,0.189015448093,-0.34279564023,0.596428751945
1555362561276976991,33515,1555362561276976991,world,-2.89090538025,-0.808678627014,0.797004938126,-0.700702905655,0.188693925738,-0.342595100403,0.59668970108
1555362561297536602,33516,1555362561297536602,world,-2.89090824127,-0.80867767334,0.797115802765,-0.700639784336,0.188468292356,-0.342675238848,0.596789240837
1555362561297595432,33517,1555362561297595432,world,-2.89086723328,-0.808705329895,0.797046899796,-0.700590193272,0.188624471426,-0.342975527048,0.596625387669
1555362561306972866,33518,1555362561306972866,world,-2.8908367157,-0.80869436264,0.796857833862,-0.700707733631,0.188657477498,-0.342570453882,0.59670984745
1555362561317328509,33519,1555362561317328509,world,-2.89084243774,-0.808745384216,0.796814918518,-0.700692355633,0.188705891371,-0.342629164457,0.59667891264
1555362561317378981,33520,1555362561317378981,world,-2.89085674286,-0.80875825882,0.796977519989,-0.700671374798,0.1886087358,-0.342861741781,0.596600711346
1555362561327613258,33521,1555362561327613258,world,-2.89088535309,-0.808748245239,0.797110319138,-0.700678408146,0.188508287072,-0.342833071947,0.596640467644
1555362561336942741,33522,1555362561336942741,world,-2.89087486267,-0.808718681335,0.797046661377,-0.700627565384,0.18856869638,-0.342871904373,0.596658945084
1555362561347203091,33523,1555362561347203091,world,-2.89089202881,-0.808696269989,0.796944141388,-0.700653374195,0.188613057137,-0.342646032572,0.596744179726
1555362561357458141,33524,1555362561357458141,world,-2.89088058472,-0.808742046356,0.79683804512,-0.700761556625,0.188725158572,-0.342641472816,0.596584320068
1555362561366731259,33525,1555362561366731259,world,-2.89091014862,-0.808699131012,0.796943187714,-0.700742006302,0.18866597116,-0.342542171478,0.59668302536
1555362561366761047,33526,1555362561366761047,world,-2.89086532593,-0.80871963501,0.797046899796,-0.700803399086,0.188727766275,-0.342479556799,0.596627414227
1555362561377080965,33527,1555362561377080965,world,-2.89091014862,-0.808690547943,0.797061920166,-0.700654089451,0.18851287663,-0.342556864023,0.596826195717
1555362561387394575,33528,1555362561387394575,world,-2.89086914062,-0.808706283569,0.796949863434,-0.700771868229,0.188544884324,-0.342369109392,0.596785664558
1555362561397729550,33529,1555362561397729550,world,-2.89087295532,-0.808741092682,0.796833515167,-0.700704276562,0.188678890467,-0.342750638723,0.596603572369
1555362561406959428,33530,1555362561406959428,world,-2.89088249207,-0.808734178543,0.796866416931,-0.700632810593,0.188587784767,-0.343003869057,0.596570730209
1555362561417223549,33531,1555362561417223549,world,-2.89088535309,-0.808748245239,0.797019004822,-0.700636565685,0.188548535109,-0.342874139547,0.596653401852
1555362561427512259,33532,1555362561427512259,world,-2.89151382446,-0.808871746063,0.797405719757,-0.698541283607,0.18449434638,-0.345443576574,0.598891317844
1555362561436680330,33533,1555362561436680330,world,-2.89107608795,-0.808750391006,0.797151088715,-0.700026392937,0.187312230468,-0.343380272388,0.597467422485
1555362561436699337,33534,1555362561436699337,world,-2.89081954956,-0.808764457703,0.796855926514,-0.700655221939,0.188826784492,-0.342778682709,0.596598386765
1555362561446892635,33535,1555362561446892635,world,-2.89079093933,-0.808737039566,0.796791315079,-0.700895488262,0.189217343926,-0.34256991744,0.59631216526
1555362561457221505,33536,1555362561457221505,world,-2.89081001282,-0.808672428131,0.796930551529,-0.70098400116,0.189155563712,-0.342305213213,0.596379697323
1555362561457287031,33537,1555362561457287031,world,-2.89081954956,-0.808692455292,0.797034978867,-0.700904130936,0.188981696963,-0.342360764742,0.596496760845
1555362561466897046,33538,1555362561466897046,world,-2.8908624649,-0.80864739418,0.797086000443,-0.700838029385,0.188660174608,-0.342350721359,0.596681892872
1555362561477239111,33539,1555362561477239111,world,-2.89088916779,-0.808659553528,0.796919822693,-0.70090919733,0.188622355461,-0.34228888154,0.596645951271
1555362561487709454,33540,1555362561487709454,world,-2.89085483551,-0.80871796608,0.796754598618,-0.700891137123,0.189064577222,-0.342802584171,0.596231937408
1555362561507430349,33541,1555362561507430349,world,-2.89088535309,-0.808701515198,0.796914815903,-0.700818836689,0.188671171665,-0.342883735895,0.596394896507
1555362561507509652,33542,1555362561507509652,world,-2.89088630676,-0.808713436127,0.797031879425,-0.700627624989,0.188541665673,-0.342977076769,0.596606850624
1555362561516706397,33543,1555362561516706397,world,-2.89091110229,-0.808691978455,0.797063112259,-0.700653791428,0.188368618488,-0.342786669731,0.596740245819
1555362561516754557,33544,1555362561516754557,world,-2.89091205597,-0.80869436264,0.797003746033,-0.700655400753,0.188612371683,-0.342569321394,0.596786201
1555362561527081358,33545,1555362561527081358,world,-2.89088153839,-0.808744907379,0.796885967255,-0.700695335865,0.188906207681,-0.342667013407,0.596590161324
1555362561537410157,33546,1555362561537410157,world,-2.89089202881,-0.808746576309,0.796956062317,-0.700694918633,0.188723355532,-0.342632383108,0.596668422222
1555362561546774797,33547,1555362561546774797,world,-2.89088153839,-0.808736085892,0.796995162964,-0.700664758682,0.188537761569,-0.34265601635,0.596748828888
1555362561557144200,33548,1555362561557144200,world,-2.89084529877,-0.808761358261,0.796994686127,-0.700655221939,0.188675269485,-0.342754483223,0.596660137177
1555362561557213016,33549,1555362561557213016,world,-2.89081668854,-0.808727264404,0.796989679337,-0.700842261314,0.188787907362,-0.342335194349,0.596645534039
1555362561567590948,33550,1555362561567590948,world,-2.89085865021,-0.808791399002,0.796953439713,-0.700681686401,0.188961312175,-0.342990994453,0.596402645111
1555362561576946605,33551,1555362561576946605,world,-2.89087104797,-0.808728694916,0.796946763992,-0.70063328743,0.188691720366,-0.342895030975,0.596599817276
1555362561587194979,33552,1555362561587194979,world,-2.89087295532,-0.808699607849,0.796909332275,-0.700630664825,0.188628658652,-0.342810750008,0.59667134285
1555362561597649795,33553,1555362561597649795,world,-2.89089488983,-0.808700084686,0.796929836273,-0.700650453568,0.188489422202,-0.342788338661,0.596705019474
1555362561617269086,33554,1555362561617269086,world,-2.89090538025,-0.808654069901,0.796963453293,-0.700685501099,0.188500091434,-0.342582941055,0.596778452396
1555362561617325326,33555,1555362561617325326,world,-2.89155578613,-0.808833837509,0.797282457352,-0.698705673218,0.184672534466,-0.345405578613,0.598666489124
1555362561617344097,33556,1555362561617344097,world,-2.89111042023,-0.80871295929,0.797077894211,-0.700125336647,0.187506303191,-0.343491494656,0.59722661972
1555362561627764373,33557,1555362561627764373,world,-2.89089488983,-0.808691978455,0.796921730042,-0.700757265091,0.188589736819,-0.342687249184,0.596606016159
1555362561637116695,33558,1555362561637116695,world,-2.890832901,-0.808660984039,0.796896457672,-0.700957238674,0.188910931349,-0.34238743782,0.596441626549
1555362561647457344,33559,1555362561647457344,world,-2.89084911346,-0.80867433548,0.796934366226,-0.700881242752,0.189043328166,-0.342473655939,0.596439301968
1555362561656731956,33560,1555362561656731956,world,-2.890832901,-0.808723449707,0.796979427338,-0.700810909271,0.189106568694,-0.342419415712,0.596533000469
1555362561656790907,33561,1555362561656790907,world,-2.89082431793,-0.808762073517,0.796977043152,-0.70085388422,0.189138114452,-0.342709571123,0.596305966377
1555362561667112976,33562,1555362561667112976,world,-2.89084434509,-0.808686971664,0.796947479248,-0.700850367546,0.188835099339,-0.342476785183,0.596539735794
1555362561677517520,33563,1555362561677517520,world,-2.89081764221,-0.808733463287,0.796898126602,-0.700860142708,0.18878147006,-0.342463821173,0.596552789211
1555362561686936134,33564,1555362561686936134,world,-2.89084911346,-0.808741569519,0.796968221664,-0.700737059116,0.188625350595,-0.342641860247,0.59664452076
1555362561697330106,33565,1555362561697330106,world,-2.89088439941,-0.808756351471,0.797020673752,-0.700658202171,0.188572019339,-0.342713087797,0.596713006496
1555362561707710523,33566,1555362561707710523,world,-2.89089679718,-0.808737754822,0.797003507614,-0.700706839561,0.188492566347,-0.342820733786,0.596619069576
1555362561737744227,33567,1555362561737744227,world,-2.89090156555,-0.80873298645,0.796939134598,-0.700782716274,0.188579529524,-0.342645615339,0.59660333395
1555362561737790333,33569,1555362561737790333,world,-2.89091014862,-0.808702468872,0.796973466873,-0.700698375702,0.188565000892,-0.342877149582,0.596573829651
1555362561737837919,33570,1555362561737837919,world,-2.8909330368,-0.808664798737,0.797024965286,-0.700699746609,0.188624054193,-0.342814177275,0.596589744091
1555362561747155853,33571,1555362561747155853,world,-2.89093589783,-0.808688879013,0.796985864639,-0.70072811842,0.188485652208,-0.342524260283,0.596766650677
1555362561757458467,33572,1555362561757458467,world,-2.89089488983,-0.808673620224,0.796892166138,-0.700721800327,0.188784137368,-0.342978864908,0.596418499947
1555362561757485638,33573,1555362561757485638,world,-2.89089488983,-0.808688640594,0.796912193298,-0.700733244419,0.188676357269,-0.342797905207,0.596543192863
1555362561766748680,33574,1555362561766748680,world,-2.89092159271,-0.808690071106,0.796979904175,-0.700672447681,0.188604786992,-0.342549949884,0.596779704094
