0.000000000000000000e+00 0.000000000000000000e+00 0.000000000000000000e+00 0.000000000000000000e+00 0.000000000000000000e+00 0.000000000000000000e+00 0.000000000000000000e+00
1.553713485000000000e+09 1.171269410000000000e+08 7.699999809265136719e-01 7.200000286102294922e-01 6.999999880790710449e-01 7.500000000000000000e-01 6.800000071525573730e-01
1.553713485000000000e+09 1.939289560000000000e+08 7.699999809265136719e-01 7.200000286102294922e-01 6.999999880790710449e-01 7.500000000000000000e-01 6.800000071525573730e-01
1.553713485000000000e+09 2.713530060000000000e+08 7.699999809265136719e-01 7.200000286102294922e-01 6.999999880790710449e-01 7.500000000000000000e-01 6.800000071525573730e-01
1.553713485000000000e+09 3.473320000000000000e+08 7.699999809265136719e-01 7.200000286102294922e-01 6.999999880790710449e-01 7.400000095367431641e-01 6.800000071525573730e-01
1.553713485000000000e+09 4.234309190000000000e+08 7.699999809265136719e-01 7.200000286102294922e-01 6.999999880790710449e-01 7.400000095367431641e-01 6.800000071525573730e-01
1.553713485000000000e+09 4.993920320000000000e+08 7.699999809265136719e-01 7.200000286102294922e-01 6.999999880790710449e-01 7.400000095367431641e-01 6.800000071525573730e-01
1.553713485000000000e+09 5.753190510000000000e+08 7.699999809265136719e-01 7.200000286102294922e-01 6.999999880790710449e-01 7.400000095367431641e-01 6.800000071525573730e-01
1.553713485000000000e+09 6.513409610000000000e+08 7.699999809265136719e-01 7.200000286102294922e-01 6.999999880790710449e-01 7.400000095367431641e-01 6.800000071525573730e-01
1.553713485000000000e+09 7.274100780000000000e+08 7.699999809265136719e-01 7.200000286102294922e-01 6.999999880790710449e-01 7.400000095367431641e-01 6.700000166893005371e-01
1.553713485000000000e+09 8.034889690000000000e+08 7.699999809265136719e-01 7.200000286102294922e-01 6.999999880790710449e-01 7.400000095367431641e-01 6.700000166893005371e-01
1.553713485000000000e+09 8.793480390000000000e+08 7.699999809265136719e-01 7.200000286102294922e-01 6.999999880790710449e-01 7.400000095367431641e-01 6.700000166893005371e-01
1.553713485000000000e+09 9.558339110000000000e+08 7.699999809265136719e-01 7.200000286102294922e-01 6.999999880790710449e-01 7.400000095367431641e-01 6.700000166893005371e-01
1.553713486000000000e+09 3.236794400000000000e+07 7.699999809265136719e-01 7.200000286102294922e-01 6.999999880790710449e-01 7.400000095367431641e-01 6.700000166893005371e-01
1.553713486000000000e+09 1.115520000000000000e+08 7.699999809265136719e-01 7.200000286102294922e-01 6.999999880790710449e-01 7.400000095367431641e-01 6.700000166893005371e-01
1.553713486000000000e+09 1.873590940000000000e+08 7.699999809265136719e-01 7.200000286102294922e-01 6.999999880790710449e-01 7.500000000000000000e-01 6.700000166893005371e-01
1.553713486000000000e+09 2.634239190000000000e+08 7.699999809265136719e-01 7.200000286102294922e-01 6.999999880790710449e-01 7.500000000000000000e-01 6.700000166893005371e-01
1.553713486000000000e+09 3.392601010000000000e+08 7.699999809265136719e-01 7.200000286102294922e-01 6.999999880790710449e-01 7.500000000000000000e-01 6.700000166893005371e-01
1.553713486000000000e+09 4.152810570000000000e+08 7.699999809265136719e-01 7.200000286102294922e-01 6.999999880790710449e-01 7.500000000000000000e-01 6.700000166893005371e-01
1.553713486000000000e+09 4.912760250000000000e+08 7.699999809265136719e-01 7.200000286102294922e-01 6.999999880790710449e-01 7.500000000000000000e-01 6.700000166893005371e-01
1.553713486000000000e+09 5.672750470000000000e+08 7.699999809265136719e-01 7.200000286102294922e-01 6.999999880790710449e-01 7.500000000000000000e-01 6.700000166893005371e-01
1.553713486000000000e+09 6.434938900000000000e+08 7.699999809265136719e-01 7.200000286102294922e-01 6.999999880790710449e-01 7.500000000000000000e-01 6.700000166893005371e-01
1.553713486000000000e+09 7.193329330000000000e+08 7.699999809265136719e-01 7.200000286102294922e-01 6.999999880790710449e-01 7.500000000000000000e-01 6.700000166893005371e-01
1.553713486000000000e+09 7.952780720000000000e+08 7.699999809265136719e-01 7.200000286102294922e-01 7.099999785423278809e-01 7.500000000000000000e-01 6.700000166893005371e-01
1.553713486000000000e+09 8.712499140000000000e+08 7.699999809265136719e-01 7.200000286102294922e-01 7.099999785423278809e-01 7.500000000000000000e-01 6.700000166893005371e-01
1.553713486000000000e+09 9.473400110000000000e+08 7.699999809265136719e-01 7.200000286102294922e-01 7.099999785423278809e-01 7.500000000000000000e-01 6.700000166893005371e-01
1.553713487000000000e+09 2.332997300000000000e+07 7.699999809265136719e-01 7.200000286102294922e-01 7.099999785423278809e-01 7.500000000000000000e-01 6.700000166893005371e-01
1.553713487000000000e+09 9.923791800000000000e+07 7.699999809265136719e-01 7.200000286102294922e-01 7.099999785423278809e-01 7.500000000000000000e-01 6.700000166893005371e-01
1.553713487000000000e+09 1.752619740000000000e+08 7.699999809265136719e-01 7.200000286102294922e-01 7.099999785423278809e-01 7.500000000000000000e-01 6.700000166893005371e-01
1.553713487000000000e+09 2.512629030000000000e+08 7.699999809265136719e-01 7.200000286102294922e-01 7.099999785423278809e-01 7.500000000000000000e-01 6.700000166893005371e-01
1.553713487000000000e+09 3.272299760000000000e+08 7.699999809265136719e-01 7.200000286102294922e-01 7.099999785423278809e-01 7.500000000000000000e-01 6.700000166893005371e-01
1.553713487000000000e+09 4.034121030000000000e+08 7.699999809265136719e-01 7.200000286102294922e-01 7.099999785423278809e-01 7.500000000000000000e-01 6.700000166893005371e-01
1.553713487000000000e+09 4.792199130000000000e+08 7.699999809265136719e-01 7.200000286102294922e-01 7.099999785423278809e-01 7.599999904632568359e-01 6.700000166893005371e-01
1.553713487000000000e+09 5.552620880000000000e+08 7.699999809265136719e-01 7.200000286102294922e-01 7.099999785423278809e-01 7.599999904632568359e-01 6.700000166893005371e-01
1.553713487000000000e+09 6.312189100000000000e+08 7.699999809265136719e-01 7.200000286102294922e-01 7.099999785423278809e-01 7.599999904632568359e-01 6.600000262260437012e-01
1.553713487000000000e+09 7.072079180000000000e+08 7.699999809265136719e-01 7.200000286102294922e-01 7.300000190734863281e-01 7.599999904632568359e-01 6.600000262260437012e-01
1.553713487000000000e+09 7.832388870000000000e+08 7.699999809265136719e-01 7.200000286102294922e-01 7.300000190734863281e-01 7.599999904632568359e-01 6.600000262260437012e-01
1.553713487000000000e+09 8.592178820000000000e+08 7.699999809265136719e-01 7.200000286102294922e-01 7.300000190734863281e-01 7.799999713897705078e-01 6.600000262260437012e-01
1.553713487000000000e+09 9.351859090000000000e+08 7.699999809265136719e-01 7.200000286102294922e-01 7.300000190734863281e-01 7.799999713897705078e-01 6.600000262260437012e-01
1.553713488000000000e+09 1.118993700000000000e+07 7.699999809265136719e-01 7.200000286102294922e-01 7.300000190734863281e-01 7.799999713897705078e-01 6.600000262260437012e-01
1.553713488000000000e+09 8.716297100000000000e+07 7.699999809265136719e-01 7.200000286102294922e-01 7.300000190734863281e-01 7.799999713897705078e-01 6.600000262260437012e-01
1.553713488000000000e+09 1.632161140000000000e+08 7.699999809265136719e-01 6.999999880790710449e-01 7.599999904632568359e-01 7.799999713897705078e-01 6.600000262260437012e-01
1.553713488000000000e+09 2.012929910000000000e+08 7.699999809265136719e-01 6.999999880790710449e-01 7.599999904632568359e-01 7.799999713897705078e-01 6.600000262260437012e-01
1.553713488000000000e+09 2.392449370000000000e+08 7.699999809265136719e-01 6.999999880790710449e-01 7.599999904632568359e-01 8.299999833106994629e-01 6.600000262260437012e-01
1.553713488000000000e+09 2.772030830000000000e+08 7.699999809265136719e-01 6.999999880790710449e-01 7.599999904632568359e-01 8.299999833106994629e-01 6.600000262260437012e-01
1.553713488000000000e+09 2.818939680000000000e+08 7.699999809265136719e-01 6.999999880790710449e-01 7.599999904632568359e-01 8.299999833106994629e-01 6.600000262260437012e-01
1.553713488000000000e+09 2.828149790000000000e+08 7.699999809265136719e-01 6.999999880790710449e-01 7.599999904632568359e-01 8.299999833106994629e-01 6.600000262260437012e-01
1.553713488000000000e+09 2.837240690000000000e+08 7.699999809265136719e-01 7.200000286102294922e-01 8.399999737739562988e-01 8.299999833106994629e-01 6.499999761581420898e-01
1.553713488000000000e+09 2.847049230000000000e+08 7.699999809265136719e-01 7.200000286102294922e-01 8.399999737739562988e-01 8.299999833106994629e-01 6.499999761581420898e-01
1.553713488000000000e+09 2.857489580000000000e+08 7.699999809265136719e-01 7.200000286102294922e-01 8.399999737739562988e-01 9.800000190734863281e-01 6.499999761581420898e-01
1.553713488000000000e+09 2.868130200000000000e+08 7.699999809265136719e-01 7.200000286102294922e-01 8.399999737739562988e-01 9.800000190734863281e-01 6.499999761581420898e-01
1.553713488000000000e+09 2.878661150000000000e+08 7.699999809265136719e-01 7.200000286102294922e-01 8.399999737739562988e-01 9.800000190734863281e-01 6.499999761581420898e-01
1.553713488000000000e+09 2.889270780000000000e+08 7.799999713897705078e-01 7.200000286102294922e-01 8.399999737739562988e-01 9.800000190734863281e-01 6.499999761581420898e-01
1.553713488000000000e+09 2.901399130000000000e+08 7.799999713897705078e-01 7.200000286102294922e-01 1.110000014305114746e+00 9.800000190734863281e-01 6.499999761581420898e-01
1.553713488000000000e+09 2.913360590000000000e+08 7.799999713897705078e-01 7.200000286102294922e-01 1.110000014305114746e+00 1.399999976158142090e+00 6.499999761581420898e-01
1.553713488000000000e+09 2.926809780000000000e+08 7.799999713897705078e-01 7.200000286102294922e-01 1.110000014305114746e+00 1.399999976158142090e+00 6.499999761581420898e-01
1.553713488000000000e+09 2.939150330000000000e+08 7.799999713897705078e-01 7.200000286102294922e-01 1.110000014305114746e+00 1.399999976158142090e+00 6.499999761581420898e-01
1.553713488000000000e+09 2.950229640000000000e+08 7.799999713897705078e-01 7.200000286102294922e-01 1.110000014305114746e+00 1.399999976158142090e+00 6.499999761581420898e-01
1.553713488000000000e+09 2.960629460000000000e+08 7.699999809265136719e-01 7.200000286102294922e-01 1.110000014305114746e+00 1.399999976158142090e+00 6.499999761581420898e-01
1.553713488000000000e+09 2.970180510000000000e+08 7.699999809265136719e-01 7.200000286102294922e-01 1.460000038146972656e+00 1.399999976158142090e+00 6.499999761581420898e-01
1.553713488000000000e+09 2.980029580000000000e+08 7.699999809265136719e-01 7.200000286102294922e-01 1.460000038146972656e+00 1.500000000000000000e+00 6.600000262260437012e-01
1.553713488000000000e+09 2.989590160000000000e+08 7.699999809265136719e-01 7.200000286102294922e-01 1.460000038146972656e+00 1.500000000000000000e+00 6.600000262260437012e-01
1.553713488000000000e+09 2.998750200000000000e+08 7.699999809265136719e-01 7.200000286102294922e-01 1.460000038146972656e+00 1.500000000000000000e+00 6.600000262260437012e-01
1.553713488000000000e+09 3.008580200000000000e+08 7.699999809265136719e-01 7.200000286102294922e-01 1.460000038146972656e+00 1.500000000000000000e+00 6.600000262260437012e-01
1.553713488000000000e+09 3.018600940000000000e+08 7.799999713897705078e-01 7.200000286102294922e-01 1.460000038146972656e+00 1.500000000000000000e+00 6.600000262260437012e-01
1.553713488000000000e+09 3.029069900000000000e+08 7.799999713897705078e-01 7.200000286102294922e-01 1.480000019073486328e+00 1.500000000000000000e+00 6.600000262260437012e-01
1.553713488000000000e+09 3.039040560000000000e+08 7.799999713897705078e-01 7.200000286102294922e-01 1.480000019073486328e+00 1.500000000000000000e+00 6.600000262260437012e-01
1.553713488000000000e+09 3.049519060000000000e+08 7.799999713897705078e-01 7.200000286102294922e-01 1.480000019073486328e+00 1.500000000000000000e+00 6.600000262260437012e-01
1.553713488000000000e+09 3.060719960000000000e+08 7.799999713897705078e-01 7.200000286102294922e-01 1.480000019073486328e+00 1.500000000000000000e+00 6.600000262260437012e-01
1.553713488000000000e+09 3.072109220000000000e+08 7.799999713897705078e-01 7.200000286102294922e-01 1.480000019073486328e+00 1.500000000000000000e+00 6.600000262260437012e-01
1.553713488000000000e+09 3.085019580000000000e+08 7.699999809265136719e-01 7.200000286102294922e-01 1.480000019073486328e+00 1.500000000000000000e+00 6.600000262260437012e-01
1.553713488000000000e+09 3.098499770000000000e+08 7.699999809265136719e-01 7.200000286102294922e-01 1.509999990463256836e+00 1.539999961853027344e+00 6.600000262260437012e-01
1.553713488000000000e+09 3.112099170000000000e+08 7.699999809265136719e-01 7.200000286102294922e-01 1.509999990463256836e+00 1.539999961853027344e+00 6.600000262260437012e-01
1.553713488000000000e+09 3.125839230000000000e+08 7.699999809265136719e-01 7.200000286102294922e-01 1.509999990463256836e+00 1.539999961853027344e+00 6.600000262260437012e-01
1.553713488000000000e+09 3.139810560000000000e+08 7.699999809265136719e-01 7.200000286102294922e-01 1.509999990463256836e+00 1.539999961853027344e+00 6.600000262260437012e-01
1.553713488000000000e+09 3.153910630000000000e+08 7.699999809265136719e-01 7.200000286102294922e-01 1.509999990463256836e+00 1.539999961853027344e+00 6.600000262260437012e-01
1.553713488000000000e+09 3.168079850000000000e+08 7.699999809265136719e-01 7.200000286102294922e-01 1.509999990463256836e+00 1.549999952316284180e+00 6.600000262260437012e-01
1.553713488000000000e+09 3.182680600000000000e+08 7.699999809265136719e-01 7.200000286102294922e-01 1.570000052452087402e+00 1.549999952316284180e+00 6.600000262260437012e-01
1.553713488000000000e+09 3.197219370000000000e+08 7.699999809265136719e-01 7.200000286102294922e-01 1.570000052452087402e+00 1.549999952316284180e+00 6.600000262260437012e-01
1.553713488000000000e+09 3.211629390000000000e+08 7.699999809265136719e-01 7.200000286102294922e-01 1.570000052452087402e+00 1.549999952316284180e+00 6.600000262260437012e-01
1.553713488000000000e+09 3.226659290000000000e+08 7.699999809265136719e-01 7.200000286102294922e-01 1.570000052452087402e+00 1.549999952316284180e+00 6.600000262260437012e-01
1.553713488000000000e+09 3.241760730000000000e+08 7.699999809265136719e-01 7.200000286102294922e-01 1.570000052452087402e+00 1.549999952316284180e+00 6.600000262260437012e-01
1.553713488000000000e+09 3.258430950000000000e+08 7.699999809265136719e-01 7.200000286102294922e-01 1.570000052452087402e+00 1.559999942779541016e+00 6.600000262260437012e-01
1.553713488000000000e+09 3.274619570000000000e+08 7.699999809265136719e-01 7.200000286102294922e-01 1.590000033378601074e+00 1.559999942779541016e+00 6.600000262260437012e-01
1.553713488000000000e+09 3.289220330000000000e+08 7.699999809265136719e-01 7.200000286102294922e-01 1.590000033378601074e+00 1.559999942779541016e+00 6.600000262260437012e-01
1.553713488000000000e+09 3.304200170000000000e+08 7.699999809265136719e-01 7.200000286102294922e-01 1.590000033378601074e+00 1.559999942779541016e+00 6.600000262260437012e-01
1.553713488000000000e+09 3.319590090000000000e+08 7.699999809265136719e-01 7.200000286102294922e-01 1.590000033378601074e+00 1.559999942779541016e+00 6.600000262260437012e-01
1.553713488000000000e+09 3.335020540000000000e+08 7.699999809265136719e-01 7.200000286102294922e-01 1.590000033378601074e+00 1.559999942779541016e+00 6.600000262260437012e-01
1.553713488000000000e+09 3.350949280000000000e+08 7.799999713897705078e-01 7.200000286102294922e-01 1.590000033378601074e+00 1.570000052452087402e+00 6.600000262260437012e-01
1.553713488000000000e+09 3.366370200000000000e+08 7.799999713897705078e-01 7.200000286102294922e-01 1.600000023841857910e+00 1.570000052452087402e+00 6.600000262260437012e-01
1.553713488000000000e+09 3.382511130000000000e+08 7.799999713897705078e-01 7.200000286102294922e-01 1.600000023841857910e+00 1.570000052452087402e+00 6.600000262260437012e-01
1.553713488000000000e+09 3.400359150000000000e+08 7.799999713897705078e-01 7.200000286102294922e-01 1.600000023841857910e+00 1.570000052452087402e+00 6.600000262260437012e-01
1.553713488000000000e+09 3.416380880000000000e+08 7.799999713897705078e-01 7.200000286102294922e-01 1.600000023841857910e+00 1.570000052452087402e+00 6.600000262260437012e-01
1.553713488000000000e+09 3.432440750000000000e+08 7.799999713897705078e-01 7.200000286102294922e-01 1.600000023841857910e+00 1.570000052452087402e+00 6.600000262260437012e-01
1.553713488000000000e+09 3.448650830000000000e+08 7.799999713897705078e-01 7.200000286102294922e-01 1.600000023841857910e+00 1.570000052452087402e+00 6.600000262260437012e-01
1.553713488000000000e+09 3.463881010000000000e+08 7.799999713897705078e-01 7.200000286102294922e-01 1.600000023841857910e+00 1.570000052452087402e+00 6.600000262260437012e-01
1.553713488000000000e+09 3.477959630000000000e+08 7.799999713897705078e-01 7.200000286102294922e-01 1.600000023841857910e+00 1.570000052452087402e+00 6.600000262260437012e-01
1.553713488000000000e+09 3.491649620000000000e+08 7.799999713897705078e-01 7.200000286102294922e-01 1.600000023841857910e+00 1.570000052452087402e+00 6.600000262260437012e-01
1.553713488000000000e+09 3.505411140000000000e+08 7.799999713897705078e-01 7.200000286102294922e-01 1.600000023841857910e+00 1.570000052452087402e+00 6.600000262260437012e-01
1.553713488000000000e+09 3.519389620000000000e+08 7.799999713897705078e-01 7.200000286102294922e-01 1.600000023841857910e+00 1.580000042915344238e+00 6.600000262260437012e-01
1.553713488000000000e+09 3.533730500000000000e+08 7.799999713897705078e-01 7.200000286102294922e-01 1.600000023841857910e+00 1.580000042915344238e+00 6.600000262260437012e-01
1.553713488000000000e+09 3.548090450000000000e+08 7.799999713897705078e-01 7.200000286102294922e-01 1.600000023841857910e+00 1.580000042915344238e+00 6.600000262260437012e-01
1.553713488000000000e+09 3.562250130000000000e+08 7.799999713897705078e-01 7.200000286102294922e-01 1.600000023841857910e+00 1.580000042915344238e+00 6.600000262260437012e-01
1.553713488000000000e+09 3.576459880000000000e+08 7.799999713897705078e-01 7.200000286102294922e-01 1.600000023841857910e+00 1.580000042915344238e+00 6.600000262260437012e-01
1.553713488000000000e+09 3.590888970000000000e+08 7.799999713897705078e-01 7.200000286102294922e-01 1.600000023841857910e+00 1.580000042915344238e+00 6.600000262260437012e-01
1.553713488000000000e+09 3.604710100000000000e+08 7.799999713897705078e-01 7.200000286102294922e-01 1.600000023841857910e+00 1.580000042915344238e+00 6.600000262260437012e-01
1.553713488000000000e+09 3.622760770000000000e+08 7.799999713897705078e-01 7.200000286102294922e-01 1.600000023841857910e+00 1.580000042915344238e+00 6.600000262260437012e-01
1.553713488000000000e+09 3.640921110000000000e+08 7.799999713897705078e-01 7.200000286102294922e-01 1.590000033378601074e+00 1.580000042915344238e+00 6.600000262260437012e-01
1.553713488000000000e+09 3.659079070000000000e+08 7.799999713897705078e-01 7.200000286102294922e-01 1.590000033378601074e+00 1.580000042915344238e+00 6.600000262260437012e-01
1.553713488000000000e+09 3.677740090000000000e+08 7.799999713897705078e-01 7.200000286102294922e-01 1.590000033378601074e+00 1.580000042915344238e+00 6.600000262260437012e-01
1.553713488000000000e+09 3.696019640000000000e+08 7.799999713897705078e-01 7.200000286102294922e-01 1.590000033378601074e+00 1.590000033378601074e+00 6.700000166893005371e-01
1.553713488000000000e+09 3.714520930000000000e+08 7.799999713897705078e-01 7.200000286102294922e-01 1.590000033378601074e+00 1.590000033378601074e+00 6.700000166893005371e-01
1.553713488000000000e+09 3.733010290000000000e+08 7.799999713897705078e-01 7.200000286102294922e-01 1.590000033378601074e+00 1.590000033378601074e+00 6.700000166893005371e-01
1.553713488000000000e+09 3.751919260000000000e+08 7.799999713897705078e-01 7.200000286102294922e-01 1.590000033378601074e+00 1.590000033378601074e+00 6.700000166893005371e-01
1.553713488000000000e+09 3.770871160000000000e+08 7.799999713897705078e-01 7.200000286102294922e-01 1.590000033378601074e+00 1.590000033378601074e+00 6.700000166893005371e-01
1.553713488000000000e+09 3.791279790000000000e+08 7.799999713897705078e-01 7.200000286102294922e-01 1.590000033378601074e+00 1.590000033378601074e+00 6.700000166893005371e-01
1.553713488000000000e+09 3.810861110000000000e+08 7.799999713897705078e-01 7.200000286102294922e-01 1.590000033378601074e+00 1.590000033378601074e+00 6.600000262260437012e-01
1.553713488000000000e+09 3.830139630000000000e+08 7.799999713897705078e-01 7.200000286102294922e-01 1.590000033378601074e+00 1.590000033378601074e+00 6.600000262260437012e-01
1.553713488000000000e+09 3.850009440000000000e+08 7.799999713897705078e-01 7.200000286102294922e-01 1.590000033378601074e+00 1.590000033378601074e+00 6.600000262260437012e-01
1.553713488000000000e+09 3.868649000000000000e+08 7.799999713897705078e-01 7.200000286102294922e-01 1.580000042915344238e+00 1.590000033378601074e+00 6.600000262260437012e-01
1.553713488000000000e+09 3.887970440000000000e+08 7.799999713897705078e-01 7.200000286102294922e-01 1.580000042915344238e+00 1.590000033378601074e+00 6.600000262260437012e-01
1.553713488000000000e+09 3.904631130000000000e+08 7.799999713897705078e-01 7.200000286102294922e-01 1.580000042915344238e+00 1.590000033378601074e+00 6.600000262260437012e-01
1.553713488000000000e+09 3.921320430000000000e+08 7.799999713897705078e-01 7.200000286102294922e-01 1.580000042915344238e+00 1.590000033378601074e+00 6.600000262260437012e-01
1.553713488000000000e+09 3.938429350000000000e+08 7.799999713897705078e-01 7.200000286102294922e-01 1.580000042915344238e+00 1.590000033378601074e+00 6.600000262260437012e-01
1.553713488000000000e+09 3.955249780000000000e+08 7.799999713897705078e-01 7.200000286102294922e-01 1.580000042915344238e+00 1.590000033378601074e+00 6.600000262260437012e-01
1.553713488000000000e+09 3.972458830000000000e+08 7.799999713897705078e-01 7.200000286102294922e-01 1.570000052452087402e+00 1.590000033378601074e+00 6.600000262260437012e-01
1.553713488000000000e+09 3.989689350000000000e+08 7.799999713897705078e-01 7.200000286102294922e-01 1.570000052452087402e+00 1.590000033378601074e+00 6.600000262260437012e-01
1.553713488000000000e+09 4.009079930000000000e+08 7.799999713897705078e-01 7.200000286102294922e-01 1.570000052452087402e+00 1.590000033378601074e+00 6.600000262260437012e-01
1.553713488000000000e+09 4.029479020000000000e+08 7.799999713897705078e-01 7.200000286102294922e-01 1.570000052452087402e+00 1.590000033378601074e+00 6.600000262260437012e-01
1.553713488000000000e+09 4.047670360000000000e+08 7.799999713897705078e-01 7.200000286102294922e-01 1.570000052452087402e+00 1.590000033378601074e+00 6.600000262260437012e-01
1.553713488000000000e+09 4.067950240000000000e+08 7.799999713897705078e-01 7.200000286102294922e-01 1.570000052452087402e+00 1.590000033378601074e+00 6.600000262260437012e-01
1.553713488000000000e+09 4.097158900000000000e+08 7.799999713897705078e-01 7.200000286102294922e-01 1.559999942779541016e+00 1.590000033378601074e+00 6.600000262260437012e-01
1.553713488000000000e+09 4.119389050000000000e+08 7.799999713897705078e-01 7.200000286102294922e-01 1.559999942779541016e+00 1.580000042915344238e+00 6.600000262260437012e-01
1.553713488000000000e+09 4.138059610000000000e+08 7.799999713897705078e-01 7.200000286102294922e-01 1.559999942779541016e+00 1.580000042915344238e+00 6.600000262260437012e-01
1.553713488000000000e+09 4.157550330000000000e+08 7.799999713897705078e-01 7.200000286102294922e-01 1.559999942779541016e+00 1.580000042915344238e+00 6.600000262260437012e-01
1.553713488000000000e+09 4.176540370000000000e+08 7.799999713897705078e-01 7.200000286102294922e-01 1.559999942779541016e+00 1.580000042915344238e+00 6.600000262260437012e-01
1.553713488000000000e+09 4.196929930000000000e+08 7.799999713897705078e-01 7.200000286102294922e-01 1.559999942779541016e+00 1.580000042915344238e+00 6.600000262260437012e-01
1.553713488000000000e+09 4.219639300000000000e+08 7.799999713897705078e-01 7.300000190734863281e-01 1.539999961853027344e+00 1.580000042915344238e+00 6.600000262260437012e-01
1.553713488000000000e+09 4.239380350000000000e+08 7.799999713897705078e-01 7.300000190734863281e-01 1.539999961853027344e+00 1.580000042915344238e+00 6.600000262260437012e-01
1.553713488000000000e+09 4.258160590000000000e+08 7.799999713897705078e-01 7.300000190734863281e-01 1.539999961853027344e+00 1.580000042915344238e+00 6.600000262260437012e-01
1.553713488000000000e+09 4.276659480000000000e+08 7.799999713897705078e-01 7.300000190734863281e-01 1.539999961853027344e+00 1.580000042915344238e+00 6.600000262260437012e-01
1.553713488000000000e+09 4.296200270000000000e+08 7.799999713897705078e-01 7.300000190734863281e-01 1.539999961853027344e+00 1.580000042915344238e+00 6.600000262260437012e-01
1.553713488000000000e+09 4.319849010000000000e+08 7.799999713897705078e-01 7.300000190734863281e-01 1.539999961853027344e+00 1.580000042915344238e+00 6.600000262260437012e-01
1.553713488000000000e+09 4.340848920000000000e+08 7.799999713897705078e-01 7.200000286102294922e-01 1.539999961853027344e+00 1.580000042915344238e+00 6.600000262260437012e-01
1.553713488000000000e+09 4.362149230000000000e+08 7.799999713897705078e-01 7.200000286102294922e-01 1.539999961853027344e+00 1.580000042915344238e+00 6.600000262260437012e-01
1.553713488000000000e+09 4.384050360000000000e+08 7.799999713897705078e-01 7.200000286102294922e-01 1.539999961853027344e+00 1.580000042915344238e+00 6.600000262260437012e-01
1.553713488000000000e+09 4.405319690000000000e+08 7.799999713897705078e-01 7.200000286102294922e-01 1.539999961853027344e+00 1.580000042915344238e+00 6.600000262260437012e-01
1.553713488000000000e+09 4.432220450000000000e+08 7.799999713897705078e-01 7.200000286102294922e-01 1.539999961853027344e+00 1.580000042915344238e+00 6.600000262260437012e-01
1.553713488000000000e+09 4.454391000000000000e+08 7.799999713897705078e-01 7.200000286102294922e-01 1.539999961853027344e+00 1.580000042915344238e+00 6.600000262260437012e-01
1.553713488000000000e+09 4.480700490000000000e+08 7.799999713897705078e-01 7.200000286102294922e-01 1.529999971389770508e+00 1.580000042915344238e+00 6.600000262260437012e-01
1.553713488000000000e+09 4.502561090000000000e+08 7.799999713897705078e-01 7.200000286102294922e-01 1.529999971389770508e+00 1.580000042915344238e+00 6.600000262260437012e-01
1.553713488000000000e+09 4.525299070000000000e+08 7.799999713897705078e-01 7.200000286102294922e-01 1.529999971389770508e+00 1.580000042915344238e+00 6.600000262260437012e-01
1.553713488000000000e+09 4.554729460000000000e+08 7.799999713897705078e-01 7.200000286102294922e-01 1.529999971389770508e+00 1.580000042915344238e+00 6.600000262260437012e-01
1.553713488000000000e+09 4.575960630000000000e+08 7.799999713897705078e-01 7.200000286102294922e-01 1.529999971389770508e+00 1.580000042915344238e+00 6.600000262260437012e-01
1.553713488000000000e+09 4.596281050000000000e+08 7.799999713897705078e-01 7.099999785423278809e-01 1.529999971389770508e+00 1.580000042915344238e+00 6.600000262260437012e-01
1.553713488000000000e+09 4.618179790000000000e+08 7.799999713897705078e-01 7.099999785423278809e-01 1.539999961853027344e+00 1.580000042915344238e+00 6.600000262260437012e-01
1.553713488000000000e+09 4.641370770000000000e+08 7.799999713897705078e-01 7.099999785423278809e-01 1.539999961853027344e+00 1.580000042915344238e+00 6.600000262260437012e-01
1.553713488000000000e+09 4.662659160000000000e+08 7.799999713897705078e-01 7.099999785423278809e-01 1.539999961853027344e+00 1.580000042915344238e+00 6.600000262260437012e-01
1.553713488000000000e+09 4.687390320000000000e+08 7.799999713897705078e-01 7.099999785423278809e-01 1.539999961853027344e+00 1.580000042915344238e+00 6.600000262260437012e-01
1.553713488000000000e+09 4.712018960000000000e+08 7.799999713897705078e-01 7.099999785423278809e-01 1.539999961853027344e+00 1.580000042915344238e+00 6.600000262260437012e-01
1.553713488000000000e+09 4.733979700000000000e+08 7.599999904632568359e-01 7.200000286102294922e-01 1.539999961853027344e+00 1.580000042915344238e+00 6.600000262260437012e-01
1.553713488000000000e+09 4.759480950000000000e+08 7.599999904632568359e-01 7.200000286102294922e-01 1.539999961853027344e+00 1.580000042915344238e+00 6.600000262260437012e-01
1.553713488000000000e+09 4.781761160000000000e+08 7.599999904632568359e-01 7.200000286102294922e-01 1.539999961853027344e+00 1.580000042915344238e+00 6.600000262260437012e-01
1.553713488000000000e+09 4.805378910000000000e+08 7.599999904632568359e-01 7.200000286102294922e-01 1.539999961853027344e+00 1.580000042915344238e+00 6.600000262260437012e-01
1.553713488000000000e+09 4.829790590000000000e+08 7.599999904632568359e-01 7.200000286102294922e-01 1.539999961853027344e+00 1.580000042915344238e+00 6.600000262260437012e-01
