0.000000000000000000e+00 0.000000000000000000e+00 0.000000000000000000e+00 0.000000000000000000e+00 0.000000000000000000e+00 0.000000000000000000e+00 0.000000000000000000e+00 0.000000000000000000e+00 0.000000000000000000e+00 0.000000000000000000e+00 0.000000000000000000e+00 0.000000000000000000e+00 0.000000000000000000e+00 0.000000000000000000e+00
1.551307612000000000e+09 3.896479600000000000e+08 6.642672000000000000e+06 5.917680000000000000e+06 6.093296000000000000e+06 7.162864000000000000e+06 4.252000000000000000e+03 9.323000000000000000e+03 1.050600000000000000e+04 1.062200000000000000e+04 3.100000023841857910e-01 3.600000143051147461e-01 4.000000059604644775e-01 3.600000143051147461e-01
1.551307612000000000e+09 4.939739700000000000e+08 6.642672000000000000e+06 5.918192000000000000e+06 6.093808000000000000e+06 7.162352000000000000e+06 4.252000000000000000e+03 9.321000000000000000e+03 1.046700000000000000e+04 1.061200000000000000e+04 3.100000023841857910e-01 3.600000143051147461e-01 4.000000059604644775e-01 3.600000143051147461e-01
1.551307612000000000e+09 5.978889460000000000e+08 6.642672000000000000e+06 5.918192000000000000e+06 6.093296000000000000e+06 7.162352000000000000e+06 4.247000000000000000e+03 9.321000000000000000e+03 1.046700000000000000e+04 1.061200000000000000e+04 3.100000023841857910e-01 3.600000143051147461e-01 4.000000059604644775e-01 3.600000143051147461e-01
1.551307612000000000e+09 7.024290560000000000e+08 6.642672000000000000e+06 5.918192000000000000e+06 6.093296000000000000e+06 7.162352000000000000e+06 4.247000000000000000e+03 9.321000000000000000e+03 1.047100000000000000e+04 1.061500000000000000e+04 3.100000023841857910e-01 3.600000143051147461e-01 4.000000059604644775e-01 3.600000143051147461e-01
1.551307612000000000e+09 8.068559160000000000e+08 6.642160000000000000e+06 5.917680000000000000e+06 6.093808000000000000e+06 7.162352000000000000e+06 4.259000000000000000e+03 9.317000000000000000e+03 1.046000000000000000e+04 1.061400000000000000e+04 3.100000023841857910e-01 3.600000143051147461e-01 4.000000059604644775e-01 3.600000143051147461e-01
1.551307612000000000e+09 9.112920760000000000e+08 6.642672000000000000e+06 5.918192000000000000e+06 6.092784000000000000e+06 7.162352000000000000e+06 4.259000000000000000e+03 9.323000000000000000e+03 1.047300000000000000e+04 1.060500000000000000e+04 3.100000023841857910e-01 3.600000143051147461e-01 4.000000059604644775e-01 3.600000143051147461e-01
1.551307613000000000e+09 1.582098000000000000e+07 6.642160000000000000e+06 5.916656000000000000e+06 6.093808000000000000e+06 7.162352000000000000e+06 4.288000000000000000e+03 9.348000000000000000e+03 1.047300000000000000e+04 1.062100000000000000e+04 3.100000023841857910e-01 3.700000047683715820e-01 4.000000059604644775e-01 3.600000143051147461e-01
1.551307613000000000e+09 1.197969910000000000e+08 6.642672000000000000e+06 5.918192000000000000e+06 6.093296000000000000e+06 7.162864000000000000e+06 4.324000000000000000e+03 9.380000000000000000e+03 1.048400000000000000e+04 1.063100000000000000e+04 3.199999928474426270e-01 3.700000047683715820e-01 4.000000059604644775e-01 3.600000143051147461e-01
1.551307613000000000e+09 2.238979330000000000e+08 6.642672000000000000e+06 5.918192000000000000e+06 6.093808000000000000e+06 7.162864000000000000e+06 4.329000000000000000e+03 9.380000000000000000e+03 1.049800000000000000e+04 1.063100000000000000e+04 3.199999928474426270e-01 3.700000047683715820e-01 4.000000059604644775e-01 3.600000143051147461e-01
1.551307613000000000e+09 3.276970380000000000e+08 6.642160000000000000e+06 5.918192000000000000e+06 6.093808000000000000e+06 7.161840000000000000e+06 4.329000000000000000e+03 9.425000000000000000e+03 1.053000000000000000e+04 1.064000000000000000e+04 3.199999928474426270e-01 3.700000047683715820e-01 4.000000059604644775e-01 3.600000143051147461e-01
1.551307613000000000e+09 4.318320750000000000e+08 6.642160000000000000e+06 5.918192000000000000e+06 6.093808000000000000e+06 7.162352000000000000e+06 4.349000000000000000e+03 9.475000000000000000e+03 1.053000000000000000e+04 1.064500000000000000e+04 3.199999928474426270e-01 3.700000047683715820e-01 4.000000059604644775e-01 3.600000143051147461e-01
1.551307613000000000e+09 5.357439510000000000e+08 6.642160000000000000e+06 5.917680000000000000e+06 6.093808000000000000e+06 7.162352000000000000e+06 4.463000000000000000e+03 9.557000000000000000e+03 1.057400000000000000e+04 1.066400000000000000e+04 3.199999928474426270e-01 3.700000047683715820e-01 4.099999964237213135e-01 3.600000143051147461e-01
1.551307613000000000e+09 6.400029650000000000e+08 6.642160000000000000e+06 5.918192000000000000e+06 6.093808000000000000e+06 7.162864000000000000e+06 4.682000000000000000e+03 9.557000000000000000e+03 1.065800000000000000e+04 1.073100000000000000e+04 3.300000131130218506e-01 3.700000047683715820e-01 4.099999964237213135e-01 3.600000143051147461e-01
1.551307613000000000e+09 7.437689300000000000e+08 6.642672000000000000e+06 5.918192000000000000e+06 6.093808000000000000e+06 7.162352000000000000e+06 4.682000000000000000e+03 9.699000000000000000e+03 1.065800000000000000e+04 1.073100000000000000e+04 3.300000131130218506e-01 3.799999952316284180e-01 4.099999964237213135e-01 3.600000143051147461e-01
1.551307613000000000e+09 8.476629250000000000e+08 6.642672000000000000e+06 5.918192000000000000e+06 6.093808000000000000e+06 7.162864000000000000e+06 5.266000000000000000e+03 9.745000000000000000e+03 1.082700000000000000e+04 1.080300000000000000e+04 3.600000143051147461e-01 3.799999952316284180e-01 4.099999964237213135e-01 3.600000143051147461e-01
1.551307613000000000e+09 9.516890040000000000e+08 6.643184000000000000e+06 5.918192000000000000e+06 6.093296000000000000e+06 7.162352000000000000e+06 6.790000000000000000e+03 1.005600000000000000e+04 1.117500000000000000e+04 1.091300000000000000e+04 4.499999880790710449e-01 3.899999856948852539e-01 4.300000071525573730e-01 3.700000047683715820e-01
1.551307614000000000e+09 5.581903400000000000e+07 6.642672000000000000e+06 5.917680000000000000e+06 6.093296000000000000e+06 7.162352000000000000e+06 9.820000000000000000e+03 1.048800000000000000e+04 1.209800000000000000e+04 1.105100000000000000e+04 6.299999952316284180e-01 4.000000059604644775e-01 4.600000083446502686e-01 3.700000047683715820e-01
1.551307614000000000e+09 1.337659350000000000e+08 6.643696000000000000e+06 5.917680000000000000e+06 6.093808000000000000e+06 7.162352000000000000e+06 9.820000000000000000e+03 1.048800000000000000e+04 1.209800000000000000e+04 1.147600000000000000e+04 6.299999952316284180e-01 4.000000059604644775e-01 4.600000083446502686e-01 3.799999952316284180e-01
1.551307614000000000e+09 2.118330000000000000e+08 6.645232000000000000e+06 5.918192000000000000e+06 6.094832000000000000e+06 7.162352000000000000e+06 1.124100000000000000e+04 1.143600000000000000e+04 1.503700000000000000e+04 1.147600000000000000e+04 7.200000286102294922e-01 4.399999976158142090e-01 5.600000023841857910e-01 3.799999952316284180e-01
1.551307614000000000e+09 2.896349430000000000e+08 6.645744000000000000e+06 5.918192000000000000e+06 6.096880000000000000e+06 7.162864000000000000e+06 1.227500000000000000e+04 1.194600000000000000e+04 1.844900000000000000e+04 1.197000000000000000e+04 7.699999809265136719e-01 4.499999880790710449e-01 6.700000166893005371e-01 3.899999856948852539e-01
1.551307614000000000e+09 3.442809580000000000e+08 6.644720000000000000e+06 5.918192000000000000e+06 6.097904000000000000e+06 7.162352000000000000e+06 1.220100000000000000e+04 1.278600000000000000e+04 1.981500000000000000e+04 1.261300000000000000e+04 7.699999809265136719e-01 4.799999892711639404e-01 7.099999785423278809e-01 4.099999964237213135e-01
1.551307614000000000e+09 3.967800140000000000e+08 6.644208000000000000e+06 5.918192000000000000e+06 6.097392000000000000e+06 7.164912000000000000e+06 1.220100000000000000e+04 1.540300000000000000e+04 1.981500000000000000e+04 1.445400000000000000e+04 7.699999809265136719e-01 5.699999928474426270e-01 7.099999785423278809e-01 4.699999988079071045e-01
1.551307614000000000e+09 4.227650160000000000e+08 6.643696000000000000e+06 5.918192000000000000e+06 6.096368000000000000e+06 7.197168000000000000e+06 1.212800000000000000e+04 1.540300000000000000e+04 2.033700000000000000e+04 1.579000000000000000e+04 7.699999809265136719e-01 5.699999928474426270e-01 7.300000190734863281e-01 5.099999904632568359e-01
1.551307614000000000e+09 4.487800590000000000e+08 6.643184000000000000e+06 5.919728000000000000e+06 6.094832000000000000e+06 7.203824000000000000e+06 1.138300000000000000e+04 2.083800000000000000e+04 1.979400000000000000e+04 1.579000000000000000e+04 7.200000286102294922e-01 7.500000000000000000e-01 7.099999785423278809e-01 5.099999904632568359e-01
1.551307614000000000e+09 4.747080800000000000e+08 6.643184000000000000e+06 5.920240000000000000e+06 6.094832000000000000e+06 7.201264000000000000e+06 1.068500000000000000e+04 2.282900000000000000e+04 1.921700000000000000e+04 1.609500000000000000e+04 6.800000071525573730e-01 8.100000023841857910e-01 6.899999976158142090e-01 5.199999809265136719e-01
1.551307614000000000e+09 5.007390970000000000e+08 6.643184000000000000e+06 5.920240000000000000e+06 6.096368000000000000e+06 7.194608000000000000e+06 1.068500000000000000e+04 2.306800000000000000e+04 2.038200000000000000e+04 1.624100000000000000e+04 6.800000071525573730e-01 8.100000023841857910e-01 7.300000190734863281e-01 5.199999809265136719e-01
1.551307614000000000e+09 5.267140860000000000e+08 6.643184000000000000e+06 5.919728000000000000e+06 6.097392000000000000e+06 7.191024000000000000e+06 1.102700000000000000e+04 2.278800000000000000e+04 2.038200000000000000e+04 1.636300000000000000e+04 6.999999880790710449e-01 8.100000023841857910e-01 7.300000190734863281e-01 5.199999809265136719e-01
1.551307614000000000e+09 5.527238840000000000e+08 6.644208000000000000e+06 5.919728000000000000e+06 6.097904000000000000e+06 7.192048000000000000e+06 1.145900000000000000e+04 2.261700000000000000e+04 2.096800000000000000e+04 1.646400000000000000e+04 7.300000190734863281e-01 8.000000119209289551e-01 7.500000000000000000e-01 5.299999713897705078e-01
1.551307614000000000e+09 5.787239070000000000e+08 6.644208000000000000e+06 5.919216000000000000e+06 6.097392000000000000e+06 7.194096000000000000e+06 1.156700000000000000e+04 2.261700000000000000e+04 2.108300000000000000e+04 1.653100000000000000e+04 7.300000190734863281e-01 8.000000119209289551e-01 7.599999904632568359e-01 5.299999713897705078e-01
1.551307614000000000e+09 5.853319160000000000e+08 6.644208000000000000e+06 5.919728000000000000e+06 6.097392000000000000e+06 7.195632000000000000e+06 1.156700000000000000e+04 2.266400000000000000e+04 2.120700000000000000e+04 1.653100000000000000e+04 7.300000190734863281e-01 8.000000119209289551e-01 7.599999904632568359e-01 5.299999713897705078e-01
1.551307614000000000e+09 5.871350760000000000e+08 6.644208000000000000e+06 5.919216000000000000e+06 6.097904000000000000e+06 7.197680000000000000e+06 1.161800000000000000e+04 2.269600000000000000e+04 2.120700000000000000e+04 1.654700000000000000e+04 7.400000095367431641e-01 8.000000119209289551e-01 7.599999904632568359e-01 5.299999713897705078e-01
1.551307614000000000e+09 5.887050620000000000e+08 6.643696000000000000e+06 5.920752000000000000e+06 6.097904000000000000e+06 7.198704000000000000e+06 1.157000000000000000e+04 2.267600000000000000e+04 2.126300000000000000e+04 1.630800000000000000e+04 7.300000190734863281e-01 8.000000119209289551e-01 7.599999904632568359e-01 5.199999809265136719e-01
1.551307614000000000e+09 5.905640120000000000e+08 6.643696000000000000e+06 5.919216000000000000e+06 6.097904000000000000e+06 7.197680000000000000e+06 1.153000000000000000e+04 2.267400000000000000e+04 2.128700000000000000e+04 1.624400000000000000e+04 7.300000190734863281e-01 8.000000119209289551e-01 7.599999904632568359e-01 5.199999809265136719e-01
1.551307614000000000e+09 5.918660160000000000e+08 6.644208000000000000e+06 5.919216000000000000e+06 6.097904000000000000e+06 7.199216000000000000e+06 1.153000000000000000e+04 2.267400000000000000e+04 2.125100000000000000e+04 1.625600000000000000e+04 7.300000190734863281e-01 8.000000119209289551e-01 7.599999904632568359e-01 5.199999809265136719e-01
1.551307614000000000e+09 5.930290220000000000e+08 6.643696000000000000e+06 5.919216000000000000e+06 6.097392000000000000e+06 7.198704000000000000e+06 1.156400000000000000e+04 2.270700000000000000e+04 2.125100000000000000e+04 1.625600000000000000e+04 7.300000190734863281e-01 8.000000119209289551e-01 7.599999904632568359e-01 5.199999809265136719e-01
1.551307614000000000e+09 5.941770070000000000e+08 6.644208000000000000e+06 5.919216000000000000e+06 6.097904000000000000e+06 7.200240000000000000e+06 1.162100000000000000e+04 2.282000000000000000e+04 2.138700000000000000e+04 1.624800000000000000e+04 7.400000095367431641e-01 8.100000023841857910e-01 7.699999809265136719e-01 5.199999809265136719e-01
1.551307614000000000e+09 5.953550330000000000e+08 6.644208000000000000e+06 5.919728000000000000e+06 6.097904000000000000e+06 7.201264000000000000e+06 1.155100000000000000e+04 2.275400000000000000e+04 2.139600000000000000e+04 1.629500000000000000e+04 7.300000190734863281e-01 8.000000119209289551e-01 7.699999809265136719e-01 5.199999809265136719e-01
1.551307614000000000e+09 5.965509410000000000e+08 6.644208000000000000e+06 5.919728000000000000e+06 6.097904000000000000e+06 7.201264000000000000e+06 1.155100000000000000e+04 2.280300000000000000e+04 2.142700000000000000e+04 1.629900000000000000e+04 7.300000190734863281e-01 8.100000023841857910e-01 7.699999809265136719e-01 5.199999809265136719e-01
1.551307614000000000e+09 5.977640150000000000e+08 6.644208000000000000e+06 5.919728000000000000e+06 6.097392000000000000e+06 7.202288000000000000e+06 1.156100000000000000e+04 2.280300000000000000e+04 2.142700000000000000e+04 1.635200000000000000e+04 7.300000190734863281e-01 8.100000023841857910e-01 7.699999809265136719e-01 5.199999809265136719e-01
1.551307614000000000e+09 5.989840030000000000e+08 6.643696000000000000e+06 5.919728000000000000e+06 6.097904000000000000e+06 7.201776000000000000e+06 1.149300000000000000e+04 2.276700000000000000e+04 2.135400000000000000e+04 1.643200000000000000e+04 7.300000190734863281e-01 8.000000119209289551e-01 7.599999904632568359e-01 5.299999713897705078e-01
1.551307614000000000e+09 6.002569190000000000e+08 6.644208000000000000e+06 5.920240000000000000e+06 6.097904000000000000e+06 7.201264000000000000e+06 1.147000000000000000e+04 2.272900000000000000e+04 2.128900000000000000e+04 1.643200000000000000e+04 7.300000190734863281e-01 8.000000119209289551e-01 7.599999904632568359e-01 5.299999713897705078e-01
1.551307614000000000e+09 6.014969340000000000e+08 6.643696000000000000e+06 5.919728000000000000e+06 6.097904000000000000e+06 7.200752000000000000e+06 1.147000000000000000e+04 2.278600000000000000e+04 2.129900000000000000e+04 1.645500000000000000e+04 7.300000190734863281e-01 8.100000023841857910e-01 7.599999904632568359e-01 5.299999713897705078e-01
1.551307614000000000e+09 6.028039450000000000e+08 6.644208000000000000e+06 5.920240000000000000e+06 6.098416000000000000e+06 7.199728000000000000e+06 1.152700000000000000e+04 2.284600000000000000e+04 2.129900000000000000e+04 1.646000000000000000e+04 7.300000190734863281e-01 8.100000023841857910e-01 7.599999904632568359e-01 5.299999713897705078e-01
1.551307614000000000e+09 6.039299960000000000e+08 6.644720000000000000e+06 5.919728000000000000e+06 6.097392000000000000e+06 7.200240000000000000e+06 1.159800000000000000e+04 2.284600000000000000e+04 2.133600000000000000e+04 1.654000000000000000e+04 7.400000095367431641e-01 8.100000023841857910e-01 7.599999904632568359e-01 5.299999713897705078e-01
1.551307614000000000e+09 6.049599640000000000e+08 6.643696000000000000e+06 5.919728000000000000e+06 6.097392000000000000e+06 7.200240000000000000e+06 1.164000000000000000e+04 2.287400000000000000e+04 2.137400000000000000e+04 1.658900000000000000e+04 7.400000095367431641e-01 8.100000023841857910e-01 7.599999904632568359e-01 5.299999713897705078e-01
1.551307614000000000e+09 6.060199730000000000e+08 6.644720000000000000e+06 5.919728000000000000e+06 6.097904000000000000e+06 7.200752000000000000e+06 1.163300000000000000e+04 2.286700000000000000e+04 2.136600000000000000e+04 1.669600000000000000e+04 7.400000095367431641e-01 8.100000023841857910e-01 7.599999904632568359e-01 5.299999713897705078e-01
1.551307614000000000e+09 6.071109770000000000e+08 6.644208000000000000e+06 5.919728000000000000e+06 6.097904000000000000e+06 7.201776000000000000e+06 1.163300000000000000e+04 2.287500000000000000e+04 2.136600000000000000e+04 1.669600000000000000e+04 7.400000095367431641e-01 8.100000023841857910e-01 7.599999904632568359e-01 5.299999713897705078e-01
1.551307614000000000e+09 6.082019800000000000e+08 6.644208000000000000e+06 5.919728000000000000e+06 6.097392000000000000e+06 7.201264000000000000e+06 1.163900000000000000e+04 2.287200000000000000e+04 2.139500000000000000e+04 1.675500000000000000e+04 7.400000095367431641e-01 8.100000023841857910e-01 7.699999809265136719e-01 5.400000214576721191e-01
1.551307614000000000e+09 6.093499660000000000e+08 6.644720000000000000e+06 5.919728000000000000e+06 6.097904000000000000e+06 7.201776000000000000e+06 1.161700000000000000e+04 2.285700000000000000e+04 2.136900000000000000e+04 1.677800000000000000e+04 7.400000095367431641e-01 8.100000023841857910e-01 7.599999904632568359e-01 5.400000214576721191e-01
1.551307614000000000e+09 6.104578970000000000e+08 6.644208000000000000e+06 5.920240000000000000e+06 6.097904000000000000e+06 7.201776000000000000e+06 1.161000000000000000e+04 2.285700000000000000e+04 2.149300000000000000e+04 1.683300000000000000e+04 7.400000095367431641e-01 8.100000023841857910e-01 7.699999809265136719e-01 5.400000214576721191e-01
1.551307614000000000e+09 6.116371150000000000e+08 6.644208000000000000e+06 5.919216000000000000e+06 6.097392000000000000e+06 7.206384000000000000e+06 1.161000000000000000e+04 2.279800000000000000e+04 2.107600000000000000e+04 1.678600000000000000e+04 7.400000095367431641e-01 8.100000023841857910e-01 7.599999904632568359e-01 5.400000214576721191e-01
1.551307614000000000e+09 6.128790370000000000e+08 6.644720000000000000e+06 5.919728000000000000e+06 6.097392000000000000e+06 7.208944000000000000e+06 1.140400000000000000e+04 2.253200000000000000e+04 2.107600000000000000e+04 1.678600000000000000e+04 7.200000286102294922e-01 8.000000119209289551e-01 7.599999904632568359e-01 5.400000214576721191e-01
1.551307614000000000e+09 6.140840050000000000e+08 6.644208000000000000e+06 5.919728000000000000e+06 6.097392000000000000e+06 7.208432000000000000e+06 1.125000000000000000e+04 2.244300000000000000e+04 2.090900000000000000e+04 1.687200000000000000e+04 7.200000286102294922e-01 8.000000119209289551e-01 7.500000000000000000e-01 5.400000214576721191e-01
1.551307614000000000e+09 6.152870650000000000e+08 6.644208000000000000e+06 5.919728000000000000e+06 6.097392000000000000e+06 7.207408000000000000e+06 1.112600000000000000e+04 2.236200000000000000e+04 2.079800000000000000e+04 1.693100000000000000e+04 7.099999785423278809e-01 7.900000214576721191e-01 7.500000000000000000e-01 5.400000214576721191e-01
1.551307614000000000e+09 6.164929860000000000e+08 6.644720000000000000e+06 5.920240000000000000e+06 6.096880000000000000e+06 7.207408000000000000e+06 1.112600000000000000e+04 2.236200000000000000e+04 2.059300000000000000e+04 1.702700000000000000e+04 7.099999785423278809e-01 7.900000214576721191e-01 7.400000095367431641e-01 5.400000214576721191e-01
1.551307614000000000e+09 6.177229880000000000e+08 6.645232000000000000e+06 5.920240000000000000e+06 6.096880000000000000e+06 7.207920000000000000e+06 1.089300000000000000e+04 2.221500000000000000e+04 2.059300000000000000e+04 1.710300000000000000e+04 6.999999880790710449e-01 7.900000214576721191e-01 7.400000095367431641e-01 5.500000119209289551e-01
1.551307614000000000e+09 6.188969610000000000e+08 6.645232000000000000e+06 5.920240000000000000e+06 6.096880000000000000e+06 7.206384000000000000e+06 1.065300000000000000e+04 2.210000000000000000e+04 2.045800000000000000e+04 1.703700000000000000e+04 6.800000071525573730e-01 7.900000214576721191e-01 7.400000095367431641e-01 5.400000214576721191e-01
1.551307614000000000e+09 6.201980110000000000e+08 6.644720000000000000e+06 5.920240000000000000e+06 6.096880000000000000e+06 7.204336000000000000e+06 1.052700000000000000e+04 2.208100000000000000e+04 2.042100000000000000e+04 1.703700000000000000e+04 6.700000166893005371e-01 7.900000214576721191e-01 7.300000190734863281e-01 5.400000214576721191e-01
1.551307614000000000e+09 6.214399330000000000e+08 6.644208000000000000e+06 5.920240000000000000e+06 6.096880000000000000e+06 7.200752000000000000e+06 1.052700000000000000e+04 2.221100000000000000e+04 2.030400000000000000e+04 1.689500000000000000e+04 6.700000166893005371e-01 7.900000214576721191e-01 7.300000190734863281e-01 5.400000214576721191e-01
1.551307614000000000e+09 6.227650640000000000e+08 6.645232000000000000e+06 5.919728000000000000e+06 6.096880000000000000e+06 7.201264000000000000e+06 1.058300000000000000e+04 2.221100000000000000e+04 2.030400000000000000e+04 1.679000000000000000e+04 6.800000071525573730e-01 7.900000214576721191e-01 7.300000190734863281e-01 5.400000214576721191e-01
1.551307614000000000e+09 6.241118900000000000e+08 6.644720000000000000e+06 5.920240000000000000e+06 6.096880000000000000e+06 7.200240000000000000e+06 1.057300000000000000e+04 2.220600000000000000e+04 2.037500000000000000e+04 1.678900000000000000e+04 6.800000071525573730e-01 7.900000214576721191e-01 7.300000190734863281e-01 5.400000214576721191e-01
1.551307614000000000e+09 6.253979200000000000e+08 6.644720000000000000e+06 5.920240000000000000e+06 6.097904000000000000e+06 7.197680000000000000e+06 1.049200000000000000e+04 2.211300000000000000e+04 2.051700000000000000e+04 1.667200000000000000e+04 6.700000166893005371e-01 7.900000214576721191e-01 7.400000095367431641e-01 5.299999713897705078e-01
1.551307614000000000e+09 6.268789760000000000e+08 6.644720000000000000e+06 5.919728000000000000e+06 6.097904000000000000e+06 7.201264000000000000e+06 1.049200000000000000e+04 2.187900000000000000e+04 2.063600000000000000e+04 1.667200000000000000e+04 6.700000166893005371e-01 7.799999713897705078e-01 7.400000095367431641e-01 5.299999713897705078e-01
1.551307614000000000e+09 6.282689570000000000e+08 6.644720000000000000e+06 5.919728000000000000e+06 6.097904000000000000e+06 7.204848000000000000e+06 1.033000000000000000e+04 2.167800000000000000e+04 2.063600000000000000e+04 1.664500000000000000e+04 6.600000262260437012e-01 7.699999809265136719e-01 7.400000095367431641e-01 5.299999713897705078e-01
1.551307614000000000e+09 6.296539300000000000e+08 6.644720000000000000e+06 5.919728000000000000e+06 6.096880000000000000e+06 7.205360000000000000e+06 1.009200000000000000e+04 2.167800000000000000e+04 2.037800000000000000e+04 1.660500000000000000e+04 6.499999761581420898e-01 7.699999809265136719e-01 7.300000190734863281e-01 5.299999713897705078e-01
1.551307614000000000e+09 6.310191150000000000e+08 6.644720000000000000e+06 5.919728000000000000e+06 6.097392000000000000e+06 7.204336000000000000e+06 9.857000000000000000e+03 2.147100000000000000e+04 2.016400000000000000e+04 1.644800000000000000e+04 6.399999856948852539e-01 7.699999809265136719e-01 7.300000190734863281e-01 5.299999713897705078e-01
1.551307614000000000e+09 6.324241160000000000e+08 6.644208000000000000e+06 5.919728000000000000e+06 6.097392000000000000e+06 7.202288000000000000e+06 9.857000000000000000e+03 2.143200000000000000e+04 2.002800000000000000e+04 1.639300000000000000e+04 6.399999856948852539e-01 7.699999809265136719e-01 7.200000286102294922e-01 5.299999713897705078e-01
1.551307614000000000e+09 6.338338850000000000e+08 6.644208000000000000e+06 5.919728000000000000e+06 6.097392000000000000e+06 7.200752000000000000e+06 9.768000000000000000e+03 2.142700000000000000e+04 2.002800000000000000e+04 1.628000000000000000e+04 6.299999952316284180e-01 7.699999809265136719e-01 7.200000286102294922e-01 5.199999809265136719e-01
1.551307614000000000e+09 6.352639190000000000e+08 6.644208000000000000e+06 5.919728000000000000e+06 6.097392000000000000e+06 7.200240000000000000e+06 9.731000000000000000e+03 2.159300000000000000e+04 1.999300000000000000e+04 1.628000000000000000e+04 6.299999952316284180e-01 7.699999809265136719e-01 7.200000286102294922e-01 5.199999809265136719e-01
1.551307614000000000e+09 6.367890830000000000e+08 6.642672000000000000e+06 5.920240000000000000e+06 6.097904000000000000e+06 7.199216000000000000e+06 9.796000000000000000e+03 2.227200000000000000e+04 2.005800000000000000e+04 1.624100000000000000e+04 6.299999952316284180e-01 7.900000214576721191e-01 7.200000286102294922e-01 5.199999809265136719e-01
1.551307614000000000e+09 6.382410520000000000e+08 6.644208000000000000e+06 5.920752000000000000e+06 6.097392000000000000e+06 7.199728000000000000e+06 9.770000000000000000e+03 2.227200000000000000e+04 2.007500000000000000e+04 1.623800000000000000e+04 6.299999952316284180e-01 7.900000214576721191e-01 7.200000286102294922e-01 5.199999809265136719e-01
1.551307614000000000e+09 6.397440430000000000e+08 6.644208000000000000e+06 5.920752000000000000e+06 6.097392000000000000e+06 7.200752000000000000e+06 9.770000000000000000e+03 2.252900000000000000e+04 2.007500000000000000e+04 1.627300000000000000e+04 6.299999952316284180e-01 8.000000119209289551e-01 7.200000286102294922e-01 5.199999809265136719e-01
1.551307614000000000e+09 6.411709780000000000e+08 6.644720000000000000e+06 5.921264000000000000e+06 6.097392000000000000e+06 7.200752000000000000e+06 9.703000000000000000e+03 2.253700000000000000e+04 2.004200000000000000e+04 1.627000000000000000e+04 6.299999952316284180e-01 8.000000119209289551e-01 7.200000286102294922e-01 5.199999809265136719e-01
