0.000000000000000000e+00 0.000000000000000000e+00 0.000000000000000000e+00 0.000000000000000000e+00 0.000000000000000000e+00 0.000000000000000000e+00 0.000000000000000000e+00 0.000000000000000000e+00 0.000000000000000000e+00 0.000000000000000000e+00 0.000000000000000000e+00 0.000000000000000000e+00 0.000000000000000000e+00 0.000000000000000000e+00
1.551305604000000000e+09 7.165729990000000000e+08 6.644720000000000000e+06 5.921264000000000000e+06 6.095856000000000000e+06 7.176688000000000000e+06 4.235000000000000000e+03 9.500000000000000000e+03 1.056800000000000000e+04 1.093800000000000000e+04 3.100000023841857910e-01 3.700000047683715820e-01 4.099999964237213135e-01 3.700000047683715820e-01
1.551305604000000000e+09 8.203051090000000000e+08 6.644208000000000000e+06 5.920240000000000000e+06 6.095856000000000000e+06 7.176688000000000000e+06 4.237000000000000000e+03 9.421000000000000000e+03 1.057500000000000000e+04 1.093800000000000000e+04 3.100000023841857910e-01 3.700000047683715820e-01 4.099999964237213135e-01 3.700000047683715820e-01
1.551305604000000000e+09 9.249138830000000000e+08 6.644208000000000000e+06 5.920240000000000000e+06 6.095856000000000000e+06 7.177200000000000000e+06 4.198000000000000000e+03 9.499000000000000000e+03 1.056800000000000000e+04 1.093500000000000000e+04 3.100000023841857910e-01 3.700000047683715820e-01 4.099999964237213135e-01 3.700000047683715820e-01
1.551305605000000000e+09 2.915692300000000000e+07 6.644720000000000000e+06 5.920752000000000000e+06 6.095344000000000000e+06 7.176688000000000000e+06 4.240000000000000000e+03 9.503000000000000000e+03 1.056800000000000000e+04 1.094500000000000000e+04 3.100000023841857910e-01 3.700000047683715820e-01 4.099999964237213135e-01 3.700000047683715820e-01
1.551305605000000000e+09 1.339159010000000000e+08 6.643696000000000000e+06 5.920752000000000000e+06 6.095856000000000000e+06 7.177200000000000000e+06 4.240000000000000000e+03 9.503000000000000000e+03 1.057700000000000000e+04 1.095200000000000000e+04 3.100000023841857910e-01 3.700000047683715820e-01 4.099999964237213135e-01 3.700000047683715820e-01
1.551305605000000000e+09 2.380850310000000000e+08 6.644208000000000000e+06 5.920752000000000000e+06 6.095856000000000000e+06 7.176688000000000000e+06 4.251000000000000000e+03 9.516000000000000000e+03 1.057900000000000000e+04 1.094700000000000000e+04 3.100000023841857910e-01 3.700000047683715820e-01 4.099999964237213135e-01 3.700000047683715820e-01
1.551305605000000000e+09 3.421750060000000000e+08 6.644720000000000000e+06 5.920752000000000000e+06 6.095856000000000000e+06 7.176688000000000000e+06 4.273000000000000000e+03 9.535000000000000000e+03 1.058900000000000000e+04 1.094700000000000000e+04 3.100000023841857910e-01 3.700000047683715820e-01 4.099999964237213135e-01 3.700000047683715820e-01
1.551305605000000000e+09 4.460361000000000000e+08 6.644208000000000000e+06 5.920752000000000000e+06 6.095856000000000000e+06 7.176688000000000000e+06 4.310000000000000000e+03 9.564000000000000000e+03 1.058900000000000000e+04 1.095700000000000000e+04 3.100000023841857910e-01 3.700000047683715820e-01 4.099999964237213135e-01 3.700000047683715820e-01
1.551305605000000000e+09 5.500650400000000000e+08 6.644208000000000000e+06 5.920752000000000000e+06 6.095856000000000000e+06 7.177200000000000000e+06 4.310000000000000000e+03 9.609000000000000000e+03 1.062100000000000000e+04 1.097300000000000000e+04 3.100000023841857910e-01 3.700000047683715820e-01 4.099999964237213135e-01 3.700000047683715820e-01
1.551305605000000000e+09 6.540238850000000000e+08 6.644720000000000000e+06 5.921264000000000000e+06 6.095856000000000000e+06 7.176688000000000000e+06 4.363000000000000000e+03 9.609000000000000000e+03 1.068100000000000000e+04 1.100700000000000000e+04 3.199999928474426270e-01 3.700000047683715820e-01 4.099999964237213135e-01 3.700000047683715820e-01
1.551305605000000000e+09 7.580931180000000000e+08 6.643696000000000000e+06 5.920752000000000000e+06 6.096368000000000000e+06 7.177200000000000000e+06 4.457000000000000000e+03 9.677000000000000000e+03 1.075300000000000000e+04 1.106200000000000000e+04 3.199999928474426270e-01 3.799999952316284180e-01 4.099999964237213135e-01 3.700000047683715820e-01
1.551305605000000000e+09 8.621609210000000000e+08 6.644208000000000000e+06 5.920240000000000000e+06 6.095344000000000000e+06 7.176688000000000000e+06 4.630000000000000000e+03 9.757000000000000000e+03 1.075300000000000000e+04 1.106200000000000000e+04 3.300000131130218506e-01 3.799999952316284180e-01 4.099999964237213135e-01 3.700000047683715820e-01
1.551305605000000000e+09 9.660830490000000000e+08 6.644208000000000000e+06 5.920752000000000000e+06 6.095856000000000000e+06 7.177200000000000000e+06 4.630000000000000000e+03 9.876000000000000000e+03 1.088800000000000000e+04 1.105100000000000000e+04 3.300000131130218506e-01 3.799999952316284180e-01 4.199999868869781494e-01 3.700000047683715820e-01
1.551305606000000000e+09 7.006096800000000000e+07 6.644208000000000000e+06 5.920752000000000000e+06 6.095856000000000000e+06 7.176176000000000000e+06 5.020000000000000000e+03 1.005500000000000000e+04 1.114300000000000000e+04 1.122900000000000000e+04 3.499999940395355225e-01 3.899999856948852539e-01 4.300000071525573730e-01 3.700000047683715820e-01
1.551305606000000000e+09 1.740078920000000000e+08 6.644208000000000000e+06 5.920240000000000000e+06 6.095856000000000000e+06 7.176688000000000000e+06 6.000000000000000000e+03 1.005500000000000000e+04 1.188800000000000000e+04 1.142700000000000000e+04 4.099999964237213135e-01 3.899999856948852539e-01 4.499999880790710449e-01 3.799999952316284180e-01
1.551305606000000000e+09 2.779989240000000000e+08 6.644208000000000000e+06 5.920240000000000000e+06 6.095856000000000000e+06 7.176688000000000000e+06 6.000000000000000000e+03 1.037400000000000000e+04 1.188800000000000000e+04 1.190700000000000000e+04 4.099999964237213135e-01 4.000000059604644775e-01 4.499999880790710449e-01 3.899999856948852539e-01
1.551305606000000000e+09 3.834309570000000000e+08 6.645232000000000000e+06 5.920240000000000000e+06 6.096880000000000000e+06 7.176688000000000000e+06 9.361000000000000000e+03 1.110000000000000000e+04 1.434900000000000000e+04 1.190700000000000000e+04 6.100000143051147461e-01 4.199999868869781494e-01 5.400000214576721191e-01 3.899999856948852539e-01
1.551305606000000000e+09 4.610390660000000000e+08 6.644208000000000000e+06 5.920752000000000000e+06 6.096368000000000000e+06 7.177200000000000000e+06 9.186000000000000000e+03 1.181300000000000000e+04 1.600800000000000000e+04 1.270500000000000000e+04 6.000000238418579102e-01 4.499999880790710449e-01 5.899999737739562988e-01 4.199999868869781494e-01
1.551305606000000000e+09 5.130870340000000000e+08 6.645744000000000000e+06 5.920752000000000000e+06 6.096368000000000000e+06 7.176688000000000000e+06 8.598000000000000000e+03 1.250900000000000000e+04 1.583000000000000000e+04 1.314000000000000000e+04 5.600000023841857910e-01 4.699999988079071045e-01 5.799999833106994629e-01 4.300000071525573730e-01
1.551305606000000000e+09 5.651090140000000000e+08 6.644720000000000000e+06 5.920752000000000000e+06 6.095856000000000000e+06 7.181808000000000000e+06 8.597000000000000000e+03 1.250900000000000000e+04 1.583000000000000000e+04 1.387400000000000000e+04 5.600000023841857910e-01 4.699999988079071045e-01 5.799999833106994629e-01 4.499999880790710449e-01
1.551305606000000000e+09 6.170449250000000000e+08 6.644720000000000000e+06 5.920752000000000000e+06 6.095856000000000000e+06 7.184880000000000000e+06 8.597000000000000000e+03 1.383700000000000000e+04 1.595400000000000000e+04 1.422600000000000000e+04 5.600000023841857910e-01 5.199999809265136719e-01 5.899999737739562988e-01 4.600000083446502686e-01
1.551305606000000000e+09 6.690399640000000000e+08 6.645232000000000000e+06 5.922288000000000000e+06 6.095856000000000000e+06 7.182832000000000000e+06 8.806000000000000000e+03 1.860100000000000000e+04 1.617300000000000000e+04 1.422600000000000000e+04 5.699999928474426270e-01 6.700000166893005371e-01 6.000000238418579102e-01 4.600000083446502686e-01
1.551305606000000000e+09 6.950609680000000000e+08 6.645744000000000000e+06 5.924848000000000000e+06 6.096368000000000000e+06 7.179760000000000000e+06 8.621000000000000000e+03 2.141600000000000000e+04 1.629400000000000000e+04 1.417600000000000000e+04 5.600000023841857910e-01 7.699999809265136719e-01 6.000000238418579102e-01 4.600000083446502686e-01
1.551305606000000000e+09 7.210259430000000000e+08 6.644720000000000000e+06 5.925360000000000000e+06 6.097392000000000000e+06 7.178736000000000000e+06 8.506000000000000000e+03 2.173900000000000000e+04 1.629400000000000000e+04 1.412500000000000000e+04 5.600000023841857910e-01 7.799999713897705078e-01 6.000000238418579102e-01 4.600000083446502686e-01
1.551305606000000000e+09 7.470970150000000000e+08 6.644208000000000000e+06 5.924336000000000000e+06 6.096880000000000000e+06 7.180784000000000000e+06 8.506000000000000000e+03 2.173900000000000000e+04 1.644900000000000000e+04 1.419900000000000000e+04 5.600000023841857910e-01 7.799999713897705078e-01 6.000000238418579102e-01 4.600000083446502686e-01
1.551305606000000000e+09 7.730410090000000000e+08 6.644720000000000000e+06 5.924336000000000000e+06 6.097392000000000000e+06 7.182320000000000000e+06 8.433000000000000000e+03 2.174000000000000000e+04 1.653700000000000000e+04 1.423300000000000000e+04 5.500000119209289551e-01 7.799999713897705078e-01 6.100000143051147461e-01 4.600000083446502686e-01
1.551305606000000000e+09 7.990109920000000000e+08 6.644720000000000000e+06 5.924336000000000000e+06 6.098416000000000000e+06 7.183856000000000000e+06 8.457000000000000000e+03 2.178800000000000000e+04 1.654600000000000000e+04 1.429400000000000000e+04 5.500000119209289551e-01 7.799999713897705078e-01 6.100000143051147461e-01 4.600000083446502686e-01
1.551305606000000000e+09 8.251469130000000000e+08 6.644720000000000000e+06 5.924336000000000000e+06 6.097392000000000000e+06 7.184880000000000000e+06 8.487000000000000000e+03 2.191400000000000000e+04 1.654600000000000000e+04 1.429400000000000000e+04 5.600000023841857910e-01 7.799999713897705078e-01 6.100000143051147461e-01 4.600000083446502686e-01
1.551305606000000000e+09 8.510310640000000000e+08 6.644720000000000000e+06 5.924848000000000000e+06 6.097392000000000000e+06 7.184880000000000000e+06 8.487000000000000000e+03 2.195600000000000000e+04 1.656100000000000000e+04 1.432600000000000000e+04 5.600000023841857910e-01 7.799999713897705078e-01 6.100000143051147461e-01 4.600000083446502686e-01
1.551305606000000000e+09 8.770298950000000000e+08 6.645232000000000000e+06 5.924336000000000000e+06 6.097392000000000000e+06 7.184880000000000000e+06 8.563000000000000000e+03 2.195600000000000000e+04 1.649400000000000000e+04 1.434900000000000000e+04 5.600000023841857910e-01 7.799999713897705078e-01 6.100000143051147461e-01 4.699999988079071045e-01
1.551305606000000000e+09 9.030849930000000000e+08 6.645232000000000000e+06 5.924848000000000000e+06 6.097392000000000000e+06 7.185904000000000000e+06 8.709000000000000000e+03 2.229500000000000000e+04 1.674100000000000000e+04 1.440000000000000000e+04 5.699999928474426270e-01 7.900000214576721191e-01 6.100000143051147461e-01 4.699999988079071045e-01
1.551305606000000000e+09 9.290280340000000000e+08 6.645232000000000000e+06 5.924336000000000000e+06 6.097904000000000000e+06 7.186928000000000000e+06 8.742000000000000000e+03 2.245400000000000000e+04 1.674100000000000000e+04 1.447000000000000000e+04 5.699999928474426270e-01 8.000000119209289551e-01 6.100000143051147461e-01 4.699999988079071045e-01
1.551305606000000000e+09 9.550399780000000000e+08 6.645232000000000000e+06 5.924848000000000000e+06 6.097392000000000000e+06 7.187440000000000000e+06 8.742000000000000000e+03 2.248200000000000000e+04 1.682600000000000000e+04 1.446500000000000000e+04 5.699999928474426270e-01 8.000000119209289551e-01 6.200000047683715820e-01 4.699999988079071045e-01
1.551305606000000000e+09 9.810678950000000000e+08 6.644720000000000000e+06 5.924848000000000000e+06 6.097904000000000000e+06 7.186928000000000000e+06 8.771000000000000000e+03 2.254400000000000000e+04 1.685400000000000000e+04 1.446500000000000000e+04 5.699999928474426270e-01 8.000000119209289551e-01 6.200000047683715820e-01 4.699999988079071045e-01
1.551305607000000000e+09 6.973981000000000000e+06 6.645232000000000000e+06 5.924848000000000000e+06 6.097392000000000000e+06 7.187440000000000000e+06 8.787000000000000000e+03 2.260700000000000000e+04 1.685900000000000000e+04 1.447100000000000000e+04 5.699999928474426270e-01 8.000000119209289551e-01 6.200000047683715820e-01 4.699999988079071045e-01
1.551305607000000000e+09 3.301811200000000000e+07 6.644720000000000000e+06 5.925360000000000000e+06 6.097392000000000000e+06 7.186928000000000000e+06 8.823000000000000000e+03 2.260700000000000000e+04 1.686200000000000000e+04 1.447300000000000000e+04 5.799999833106994629e-01 8.000000119209289551e-01 6.200000047683715820e-01 4.699999988079071045e-01
1.551305607000000000e+09 5.906605700000000000e+07 6.645232000000000000e+06 5.925360000000000000e+06 6.097904000000000000e+06 7.186416000000000000e+06 8.823000000000000000e+03 2.267600000000000000e+04 1.686200000000000000e+04 1.448200000000000000e+04 5.799999833106994629e-01 8.000000119209289551e-01 6.200000047683715820e-01 4.699999988079071045e-01
1.551305607000000000e+09 8.501100500000000000e+07 6.645744000000000000e+06 5.925360000000000000e+06 6.097904000000000000e+06 7.186416000000000000e+06 8.862000000000000000e+03 2.271200000000000000e+04 1.687300000000000000e+04 1.447700000000000000e+04 5.799999833106994629e-01 8.000000119209289551e-01 6.200000047683715820e-01 4.699999988079071045e-01
1.551305607000000000e+09 1.110630030000000000e+08 6.645744000000000000e+06 5.925360000000000000e+06 6.097392000000000000e+06 7.186416000000000000e+06 8.858000000000000000e+03 2.285000000000000000e+04 1.691900000000000000e+04 1.447700000000000000e+04 5.799999833106994629e-01 8.100000023841857910e-01 6.200000047683715820e-01 4.699999988079071045e-01
1.551305607000000000e+09 1.370720860000000000e+08 6.645744000000000000e+06 5.925360000000000000e+06 6.097904000000000000e+06 7.186928000000000000e+06 8.831000000000000000e+03 2.268300000000000000e+04 1.684700000000000000e+04 1.447300000000000000e+04 5.799999833106994629e-01 8.000000119209289551e-01 6.200000047683715820e-01 4.699999988079071045e-01
1.551305607000000000e+09 1.629860400000000000e+08 6.645744000000000000e+06 5.925360000000000000e+06 6.097904000000000000e+06 7.186928000000000000e+06 8.831000000000000000e+03 2.268300000000000000e+04 1.684700000000000000e+04 1.448400000000000000e+04 5.799999833106994629e-01 8.000000119209289551e-01 6.200000047683715820e-01 4.699999988079071045e-01
1.551305607000000000e+09 1.890029900000000000e+08 6.645744000000000000e+06 5.925872000000000000e+06 6.097904000000000000e+06 7.186416000000000000e+06 8.878000000000000000e+03 2.276600000000000000e+04 1.690500000000000000e+04 1.450900000000000000e+04 5.799999833106994629e-01 8.000000119209289551e-01 6.200000047683715820e-01 4.699999988079071045e-01
1.551305607000000000e+09 2.153069970000000000e+08 6.645232000000000000e+06 5.925360000000000000e+06 6.097904000000000000e+06 7.184880000000000000e+06 8.936000000000000000e+03 2.288200000000000000e+04 1.689400000000000000e+04 1.449300000000000000e+04 5.799999833106994629e-01 8.100000023841857910e-01 6.200000047683715820e-01 4.699999988079071045e-01
1.551305607000000000e+09 2.410678860000000000e+08 6.645744000000000000e+06 5.925872000000000000e+06 6.097904000000000000e+06 7.185904000000000000e+06 8.880000000000000000e+03 2.275100000000000000e+04 1.685900000000000000e+04 1.449700000000000000e+04 5.799999833106994629e-01 8.000000119209289551e-01 6.200000047683715820e-01 4.699999988079071045e-01
1.551305607000000000e+09 2.670199870000000000e+08 6.645232000000000000e+06 5.925360000000000000e+06 6.097392000000000000e+06 7.186928000000000000e+06 8.880000000000000000e+03 2.264400000000000000e+04 1.685900000000000000e+04 1.449700000000000000e+04 5.799999833106994629e-01 8.000000119209289551e-01 6.200000047683715820e-01 4.699999988079071045e-01
1.551305607000000000e+09 2.929329870000000000e+08 6.645744000000000000e+06 5.925360000000000000e+06 6.097904000000000000e+06 7.186416000000000000e+06 8.809000000000000000e+03 2.264400000000000000e+04 1.705100000000000000e+04 1.461200000000000000e+04 5.699999928474426270e-01 8.000000119209289551e-01 6.200000047683715820e-01 4.699999988079071045e-01
1.551305607000000000e+09 3.189449310000000000e+08 6.645232000000000000e+06 5.925360000000000000e+06 6.097904000000000000e+06 7.185904000000000000e+06 8.838000000000000000e+03 2.268700000000000000e+04 1.685700000000000000e+04 1.450000000000000000e+04 5.799999833106994629e-01 8.000000119209289551e-01 6.200000047683715820e-01 4.699999988079071045e-01
1.551305607000000000e+09 3.449349400000000000e+08 6.645232000000000000e+06 5.925872000000000000e+06 6.097904000000000000e+06 7.187440000000000000e+06 8.851000000000000000e+03 2.270400000000000000e+04 1.687800000000000000e+04 1.449700000000000000e+04 5.799999833106994629e-01 8.000000119209289551e-01 6.200000047683715820e-01 4.699999988079071045e-01
1.551305607000000000e+09 3.709950440000000000e+08 6.645744000000000000e+06 5.925872000000000000e+06 6.097904000000000000e+06 7.186928000000000000e+06 8.851000000000000000e+03 2.275100000000000000e+04 1.687800000000000000e+04 1.452800000000000000e+04 5.799999833106994629e-01 8.000000119209289551e-01 6.200000047683715820e-01 4.699999988079071045e-01
1.551305607000000000e+09 3.969249720000000000e+08 6.645744000000000000e+06 5.925872000000000000e+06 6.097904000000000000e+06 7.187440000000000000e+06 8.876000000000000000e+03 2.275500000000000000e+04 1.691100000000000000e+04 1.452800000000000000e+04 5.799999833106994629e-01 8.000000119209289551e-01 6.200000047683715820e-01 4.699999988079071045e-01
1.551305607000000000e+09 4.230000970000000000e+08 6.645232000000000000e+06 5.925360000000000000e+06 6.097904000000000000e+06 7.187440000000000000e+06 8.872000000000000000e+03 2.275500000000000000e+04 1.687700000000000000e+04 1.452200000000000000e+04 5.799999833106994629e-01 8.000000119209289551e-01 6.200000047683715820e-01 4.699999988079071045e-01
1.551305607000000000e+09 4.489240640000000000e+08 6.644208000000000000e+06 5.925360000000000000e+06 6.097392000000000000e+06 7.190000000000000000e+06 8.884000000000000000e+03 2.269700000000000000e+04 1.687700000000000000e+04 1.453100000000000000e+04 5.799999833106994629e-01 8.000000119209289551e-01 6.200000047683715820e-01 4.699999988079071045e-01
1.551305607000000000e+09 4.749429220000000000e+08 6.645744000000000000e+06 5.924848000000000000e+06 6.097392000000000000e+06 7.189488000000000000e+06 8.916000000000000000e+03 2.265700000000000000e+04 1.687700000000000000e+04 1.456500000000000000e+04 5.799999833106994629e-01 8.000000119209289551e-01 6.200000047683715820e-01 4.699999988079071045e-01
1.551305607000000000e+09 5.010979170000000000e+08 6.645232000000000000e+06 5.925360000000000000e+06 6.096880000000000000e+06 7.190000000000000000e+06 8.916000000000000000e+03 2.267900000000000000e+04 1.691200000000000000e+04 1.459700000000000000e+04 5.799999833106994629e-01 8.000000119209289551e-01 6.200000047683715820e-01 4.699999988079071045e-01
1.551305607000000000e+09 5.269889830000000000e+08 6.646256000000000000e+06 5.925360000000000000e+06 6.097392000000000000e+06 7.188976000000000000e+06 8.981000000000000000e+03 2.278100000000000000e+04 1.694600000000000000e+04 1.459900000000000000e+04 5.799999833106994629e-01 8.000000119209289551e-01 6.200000047683715820e-01 4.699999988079071045e-01
1.551305607000000000e+09 5.531051150000000000e+08 6.646256000000000000e+06 5.925360000000000000e+06 6.097392000000000000e+06 7.189488000000000000e+06 9.051000000000000000e+03 2.283900000000000000e+04 1.701200000000000000e+04 1.459900000000000000e+04 5.899999737739562988e-01 8.100000023841857910e-01 6.200000047683715820e-01 4.699999988079071045e-01
1.551305607000000000e+09 5.790610310000000000e+08 6.646256000000000000e+06 5.925360000000000000e+06 6.097392000000000000e+06 7.188464000000000000e+06 9.076000000000000000e+03 2.283900000000000000e+04 1.701200000000000000e+04 1.461900000000000000e+04 5.899999737739562988e-01 8.100000023841857910e-01 6.200000047683715820e-01 4.699999988079071045e-01
1.551305607000000000e+09 6.050019260000000000e+08 6.646256000000000000e+06 5.924848000000000000e+06 6.097392000000000000e+06 7.187952000000000000e+06 9.076000000000000000e+03 2.285600000000000000e+04 1.700300000000000000e+04 1.461100000000000000e+04 5.899999737739562988e-01 8.100000023841857910e-01 6.200000047683715820e-01 4.699999988079071045e-01
1.551305607000000000e+09 6.310470100000000000e+08 6.646768000000000000e+06 5.924848000000000000e+06 6.097392000000000000e+06 7.187440000000000000e+06 9.109000000000000000e+03 2.307400000000000000e+04 1.709300000000000000e+04 1.459500000000000000e+04 5.899999737739562988e-01 8.100000023841857910e-01 6.299999952316284180e-01 4.699999988079071045e-01
1.551305607000000000e+09 6.569828980000000000e+08 6.645744000000000000e+06 5.925360000000000000e+06 6.097904000000000000e+06 7.187440000000000000e+06 9.161000000000000000e+03 2.296800000000000000e+04 1.700900000000000000e+04 1.457200000000000000e+04 6.000000238418579102e-01 8.100000023841857910e-01 6.200000047683715820e-01 4.699999988079071045e-01
1.551305607000000000e+09 6.829299920000000000e+08 6.646256000000000000e+06 5.925872000000000000e+06 6.097904000000000000e+06 7.186416000000000000e+06 9.188000000000000000e+03 2.300000000000000000e+04 1.700900000000000000e+04 1.457200000000000000e+04 6.000000238418579102e-01 8.100000023841857910e-01 6.200000047683715820e-01 4.699999988079071045e-01
1.551305607000000000e+09 7.089910500000000000e+08 6.646256000000000000e+06 5.925360000000000000e+06 6.097392000000000000e+06 7.186928000000000000e+06 9.188000000000000000e+03 2.300000000000000000e+04 1.705000000000000000e+04 1.451100000000000000e+04 6.000000238418579102e-01 8.100000023841857910e-01 6.200000047683715820e-01 4.699999988079071045e-01
1.551305607000000000e+09 7.363760470000000000e+08 6.646256000000000000e+06 5.925360000000000000e+06 6.097904000000000000e+06 7.188464000000000000e+06 9.281000000000000000e+03 2.307100000000000000e+04 1.699600000000000000e+04 1.459800000000000000e+04 6.000000238418579102e-01 8.100000023841857910e-01 6.200000047683715820e-01 4.699999988079071045e-01
1.551305607000000000e+09 7.619180670000000000e+08 6.646256000000000000e+06 5.924848000000000000e+06 6.097392000000000000e+06 7.188464000000000000e+06 9.214000000000000000e+03 2.292300000000000000e+04 1.701400000000000000e+04 1.460000000000000000e+04 6.000000238418579102e-01 8.100000023841857910e-01 6.200000047683715820e-01 4.699999988079071045e-01
1.551305607000000000e+09 7.880189410000000000e+08 6.646256000000000000e+06 5.924848000000000000e+06 6.097392000000000000e+06 7.187440000000000000e+06 9.241000000000000000e+03 2.291300000000000000e+04 1.701400000000000000e+04 1.458400000000000000e+04 6.000000238418579102e-01 8.100000023841857910e-01 6.200000047683715820e-01 4.699999988079071045e-01
1.551305607000000000e+09 8.139729490000000000e+08 6.646768000000000000e+06 5.924336000000000000e+06 6.098416000000000000e+06 7.186928000000000000e+06 9.241000000000000000e+03 2.276200000000000000e+04 1.703500000000000000e+04 1.458700000000000000e+04 6.000000238418579102e-01 8.000000119209289551e-01 6.200000047683715820e-01 4.699999988079071045e-01
1.551305607000000000e+09 8.399829860000000000e+08 6.646256000000000000e+06 5.924336000000000000e+06 6.097904000000000000e+06 7.187440000000000000e+06 9.174000000000000000e+03 2.276200000000000000e+04 1.720600000000000000e+04 1.458700000000000000e+04 6.000000238418579102e-01 8.000000119209289551e-01 6.299999952316284180e-01 4.699999988079071045e-01
1.551305607000000000e+09 8.658978930000000000e+08 6.646256000000000000e+06 5.924336000000000000e+06 6.097904000000000000e+06 7.187952000000000000e+06 9.172000000000000000e+03 2.266100000000000000e+04 1.721100000000000000e+04 1.459200000000000000e+04 6.000000238418579102e-01 8.000000119209289551e-01 6.299999952316284180e-01 4.699999988079071045e-01
1.551305607000000000e+09 8.919670580000000000e+08 6.646256000000000000e+06 5.924336000000000000e+06 6.097904000000000000e+06 7.189488000000000000e+06 9.173000000000000000e+03 2.262000000000000000e+04 1.720200000000000000e+04 1.460000000000000000e+04 6.000000238418579102e-01 8.000000119209289551e-01 6.299999952316284180e-01 4.699999988079071045e-01
1.551305607000000000e+09 9.192440500000000000e+08 6.646256000000000000e+06 5.924336000000000000e+06 6.097392000000000000e+06 7.188976000000000000e+06 9.173000000000000000e+03 2.257600000000000000e+04 1.720200000000000000e+04 1.462800000000000000e+04 6.000000238418579102e-01 8.000000119209289551e-01 6.299999952316284180e-01 4.699999988079071045e-01
1.551305607000000000e+09 9.449629780000000000e+08 6.646256000000000000e+06 5.923824000000000000e+06 6.097392000000000000e+06 7.190000000000000000e+06 9.197000000000000000e+03 2.256900000000000000e+04 1.723000000000000000e+04 1.464100000000000000e+04 6.000000238418579102e-01 8.000000119209289551e-01 6.299999952316284180e-01 4.699999988079071045e-01
1.551305607000000000e+09 9.710021010000000000e+08 6.646256000000000000e+06 5.924336000000000000e+06 6.097904000000000000e+06 7.190512000000000000e+06 9.192000000000000000e+03 2.256900000000000000e+04 1.725800000000000000e+04 1.464100000000000000e+04 6.000000238418579102e-01 8.000000119209289551e-01 6.299999952316284180e-01 4.699999988079071045e-01
1.551305607000000000e+09 9.969511030000000000e+08 6.646768000000000000e+06 5.923824000000000000e+06 6.097904000000000000e+06 7.190000000000000000e+06 9.203000000000000000e+03 2.256000000000000000e+04 1.727100000000000000e+04 1.466900000000000000e+04 6.000000238418579102e-01 8.000000119209289551e-01 6.299999952316284180e-01 4.699999988079071045e-01
1.551305608000000000e+09 2.302193600000000000e+07 6.646256000000000000e+06 5.923824000000000000e+06 6.097904000000000000e+06 7.191536000000000000e+06 9.203000000000000000e+03 2.258300000000000000e+04 1.727100000000000000e+04 1.469200000000000000e+04 6.000000238418579102e-01 8.000000119209289551e-01 6.299999952316284180e-01 4.799999892711639404e-01
1.551305608000000000e+09 4.889488200000000000e+07 6.646256000000000000e+06 5.923824000000000000e+06 6.097904000000000000e+06 7.191536000000000000e+06 9.180000000000000000e+03 2.260000000000000000e+04 1.728600000000000000e+04 1.473900000000000000e+04 6.000000238418579102e-01 8.000000119209289551e-01 6.299999952316284180e-01 4.799999892711639404e-01
1.551305608000000000e+09 7.499909400000000000e+07 6.646256000000000000e+06 5.923824000000000000e+06 6.097392000000000000e+06 7.192048000000000000e+06 9.200000000000000000e+03 2.260100000000000000e+04 1.730400000000000000e+04 1.474400000000000000e+04 6.000000238418579102e-01 8.000000119209289551e-01 6.299999952316284180e-01 4.799999892711639404e-01
1.551305608000000000e+09 1.009390350000000000e+08 6.646256000000000000e+06 5.923824000000000000e+06 6.097904000000000000e+06 7.192048000000000000e+06 9.207000000000000000e+03 2.260100000000000000e+04 1.731300000000000000e+04 1.472800000000000000e+04 6.000000238418579102e-01 8.000000119209289551e-01 6.299999952316284180e-01 4.799999892711639404e-01
1.551305608000000000e+09 1.269690990000000000e+08 6.646768000000000000e+06 5.923824000000000000e+06 6.097904000000000000e+06 7.192048000000000000e+06 9.207000000000000000e+03 2.260500000000000000e+04 1.731300000000000000e+04 1.472800000000000000e+04 6.000000238418579102e-01 8.000000119209289551e-01 6.299999952316284180e-01 4.799999892711639404e-01
1.551305608000000000e+09 1.528871050000000000e+08 6.646256000000000000e+06 5.923824000000000000e+06 6.097904000000000000e+06 7.192048000000000000e+06 9.214000000000000000e+03 2.275400000000000000e+04 1.731000000000000000e+04 1.475900000000000000e+04 6.000000238418579102e-01 8.000000119209289551e-01 6.299999952316284180e-01 4.799999892711639404e-01
1.551305608000000000e+09 1.788859360000000000e+08 6.646768000000000000e+06 5.923824000000000000e+06 6.097904000000000000e+06 7.192048000000000000e+06 9.179000000000000000e+03 2.258600000000000000e+04 1.733800000000000000e+04 1.476000000000000000e+04 6.000000238418579102e-01 8.000000119209289551e-01 6.299999952316284180e-01 4.799999892711639404e-01
1.551305608000000000e+09 2.049319740000000000e+08 6.646256000000000000e+06 5.924336000000000000e+06 6.098416000000000000e+06 7.192560000000000000e+06 9.215000000000000000e+03 2.265600000000000000e+04 1.737400000000000000e+04 1.478200000000000000e+04 6.000000238418579102e-01 8.000000119209289551e-01 6.299999952316284180e-01 4.799999892711639404e-01
1.551305608000000000e+09 2.308769220000000000e+08 6.646768000000000000e+06 5.923824000000000000e+06 6.097904000000000000e+06 7.191024000000000000e+06 9.252000000000000000e+03 2.261500000000000000e+04 1.737400000000000000e+04 1.479300000000000000e+04 6.000000238418579102e-01 8.000000119209289551e-01 6.299999952316284180e-01 4.799999892711639404e-01
1.551305608000000000e+09 2.568690770000000000e+08 6.646768000000000000e+06 5.923824000000000000e+06 6.097904000000000000e+06 7.192560000000000000e+06 9.252000000000000000e+03 2.261500000000000000e+04 1.735100000000000000e+04 1.479300000000000000e+04 6.000000238418579102e-01 8.000000119209289551e-01 6.299999952316284180e-01 4.799999892711639404e-01
1.551305608000000000e+09 2.828741070000000000e+08 6.646768000000000000e+06 5.923824000000000000e+06 6.097904000000000000e+06 7.193072000000000000e+06 9.179000000000000000e+03 2.260000000000000000e+04 1.735400000000000000e+04 1.480800000000000000e+04 6.000000238418579102e-01 8.000000119209289551e-01 6.299999952316284180e-01 4.799999892711639404e-01
1.551305608000000000e+09 3.095901010000000000e+08 6.648816000000000000e+06 5.924336000000000000e+06 6.097392000000000000e+06 7.192560000000000000e+06 9.195000000000000000e+03 2.263200000000000000e+04 1.736300000000000000e+04 1.480300000000000000e+04 6.000000238418579102e-01 8.000000119209289551e-01 6.299999952316284180e-01 4.799999892711639404e-01
1.551305608000000000e+09 3.364310260000000000e+08 6.646256000000000000e+06 5.924336000000000000e+06 6.097904000000000000e+06 7.193072000000000000e+06 9.193000000000000000e+03 2.262900000000000000e+04 1.736300000000000000e+04 1.480100000000000000e+04 6.000000238418579102e-01 8.000000119209289551e-01 6.299999952316284180e-01 4.799999892711639404e-01
1.551305608000000000e+09 3.628768920000000000e+08 6.646256000000000000e+06 5.924336000000000000e+06 6.097904000000000000e+06 7.193072000000000000e+06 9.193000000000000000e+03 2.262700000000000000e+04 1.736100000000000000e+04 1.481500000000000000e+04 6.000000238418579102e-01 8.000000119209289551e-01 6.299999952316284180e-01 4.799999892711639404e-01
1.551305608000000000e+09 3.890409460000000000e+08 6.646768000000000000e+06 5.923824000000000000e+06 6.097904000000000000e+06 7.193072000000000000e+06 9.180000000000000000e+03 2.262700000000000000e+04 1.737600000000000000e+04 1.481600000000000000e+04 6.000000238418579102e-01 8.000000119209289551e-01 6.299999952316284180e-01 4.799999892711639404e-01
1.551305608000000000e+09 4.151139250000000000e+08 6.646768000000000000e+06 5.923824000000000000e+06 6.097904000000000000e+06 7.193072000000000000e+06 9.173000000000000000e+03 2.262600000000000000e+04 1.736900000000000000e+04 1.481600000000000000e+04 6.000000238418579102e-01 8.000000119209289551e-01 6.299999952316284180e-01 4.799999892711639404e-01
1.551305608000000000e+09 4.409229750000000000e+08 6.645744000000000000e+06 5.924336000000000000e+06 6.097904000000000000e+06 7.192560000000000000e+06 9.200000000000000000e+03 2.263800000000000000e+04 1.736900000000000000e+04 1.480700000000000000e+04 6.000000238418579102e-01 8.000000119209289551e-01 6.299999952316284180e-01 4.799999892711639404e-01
1.551305608000000000e+09 4.669001100000000000e+08 6.646768000000000000e+06 5.924336000000000000e+06 6.097904000000000000e+06 7.193072000000000000e+06 9.200000000000000000e+03 2.267900000000000000e+04 1.737400000000000000e+04 1.479400000000000000e+04 6.000000238418579102e-01 8.000000119209289551e-01 6.299999952316284180e-01 4.799999892711639404e-01
1.551305608000000000e+09 4.929730890000000000e+08 6.646256000000000000e+06 5.924336000000000000e+06 6.097904000000000000e+06 7.193584000000000000e+06 9.193000000000000000e+03 2.266500000000000000e+04 1.738300000000000000e+04 1.481300000000000000e+04 6.000000238418579102e-01 8.000000119209289551e-01 6.399999856948852539e-01 4.799999892711639404e-01
1.551305608000000000e+09 5.188910960000000000e+08 6.646256000000000000e+06 5.924336000000000000e+06 6.097904000000000000e+06 7.193584000000000000e+06 9.203000000000000000e+03 2.266500000000000000e+04 1.741100000000000000e+04 1.482000000000000000e+04 6.000000238418579102e-01 8.000000119209289551e-01 6.399999856948852539e-01 4.799999892711639404e-01
1.551305608000000000e+09 5.449299810000000000e+08 6.647280000000000000e+06 5.924336000000000000e+06 6.097392000000000000e+06 7.192560000000000000e+06 9.212000000000000000e+03 2.267500000000000000e+04 1.741100000000000000e+04 1.486400000000000000e+04 6.000000238418579102e-01 8.000000119209289551e-01 6.399999856948852539e-01 4.799999892711639404e-01
1.551305608000000000e+09 5.710339540000000000e+08 6.646768000000000000e+06 5.924848000000000000e+06 6.097904000000000000e+06 7.192560000000000000e+06 9.212000000000000000e+03 2.271200000000000000e+04 1.747300000000000000e+04 1.486400000000000000e+04 6.000000238418579102e-01 8.000000119209289551e-01 6.399999856948852539e-01 4.799999892711639404e-01
1.551305608000000000e+09 5.968329900000000000e+08 6.646768000000000000e+06 5.924336000000000000e+06 6.097904000000000000e+06 7.192560000000000000e+06 9.236000000000000000e+03 2.270000000000000000e+04 1.743800000000000000e+04 1.480600000000000000e+04 6.000000238418579102e-01 8.000000119209289551e-01 6.399999856948852539e-01 4.799999892711639404e-01
1.551305608000000000e+09 6.228311060000000000e+08 6.646768000000000000e+06 5.924336000000000000e+06 6.097392000000000000e+06 7.193072000000000000e+06 9.212000000000000000e+03 2.270500000000000000e+04 1.743000000000000000e+04 1.481100000000000000e+04 6.000000238418579102e-01 8.000000119209289551e-01 6.399999856948852539e-01 4.799999892711639404e-01
1.551305608000000000e+09 6.489310260000000000e+08 6.646768000000000000e+06 5.924336000000000000e+06 6.097904000000000000e+06 7.192048000000000000e+06 9.214000000000000000e+03 2.270500000000000000e+04 1.743000000000000000e+04 1.478900000000000000e+04 6.000000238418579102e-01 8.000000119209289551e-01 6.399999856948852539e-01 4.799999892711639404e-01
1.551305608000000000e+09 6.748430720000000000e+08 6.646256000000000000e+06 5.924336000000000000e+06 6.097904000000000000e+06 7.192560000000000000e+06 9.214000000000000000e+03 2.277200000000000000e+04 1.749100000000000000e+04 1.477900000000000000e+04 6.000000238418579102e-01 8.000000119209289551e-01 6.399999856948852539e-01 4.799999892711639404e-01
1.551305608000000000e+09 7.009689800000000000e+08 6.646768000000000000e+06 5.924848000000000000e+06 6.098416000000000000e+06 7.192048000000000000e+06 9.230000000000000000e+03 2.270200000000000000e+04 1.744600000000000000e+04 1.477900000000000000e+04 6.000000238418579102e-01 8.000000119209289551e-01 6.399999856948852539e-01 4.799999892711639404e-01
1.551305608000000000e+09 7.269260880000000000e+08 6.646768000000000000e+06 5.924336000000000000e+06 6.097904000000000000e+06 7.192560000000000000e+06 9.225000000000000000e+03 2.269000000000000000e+04 1.745100000000000000e+04 1.479300000000000000e+04 6.000000238418579102e-01 8.000000119209289551e-01 6.399999856948852539e-01 4.799999892711639404e-01
1.551305608000000000e+09 7.529249190000000000e+08 6.646768000000000000e+06 5.924336000000000000e+06 6.097904000000000000e+06 7.193072000000000000e+06 9.208000000000000000e+03 2.259300000000000000e+04 1.745900000000000000e+04 1.482400000000000000e+04 6.000000238418579102e-01 8.000000119209289551e-01 6.399999856948852539e-01 4.799999892711639404e-01
1.551305608000000000e+09 7.789399620000000000e+08 6.646768000000000000e+06 5.924336000000000000e+06 6.097904000000000000e+06 7.193072000000000000e+06 9.208000000000000000e+03 2.259300000000000000e+04 1.745900000000000000e+04 1.483600000000000000e+04 6.000000238418579102e-01 8.000000119209289551e-01 6.399999856948852539e-01 4.799999892711639404e-01
1.551305608000000000e+09 8.057448860000000000e+08 6.646768000000000000e+06 5.924848000000000000e+06 6.097904000000000000e+06 7.192048000000000000e+06 9.196000000000000000e+03 2.270500000000000000e+04 1.748200000000000000e+04 1.481900000000000000e+04 6.000000238418579102e-01 8.000000119209289551e-01 6.399999856948852539e-01 4.799999892711639404e-01
1.551305608000000000e+09 8.318400380000000000e+08 6.647280000000000000e+06 5.924848000000000000e+06 6.098416000000000000e+06 7.192560000000000000e+06 9.217000000000000000e+03 2.266500000000000000e+04 1.746500000000000000e+04 1.481600000000000000e+04 6.000000238418579102e-01 8.000000119209289551e-01 6.399999856948852539e-01 4.799999892711639404e-01
1.551305608000000000e+09 8.578400610000000000e+08 6.646768000000000000e+06 5.924848000000000000e+06 6.097904000000000000e+06 7.192560000000000000e+06 9.226000000000000000e+03 2.268300000000000000e+04 1.747300000000000000e+04 1.481600000000000000e+04 6.000000238418579102e-01 8.000000119209289551e-01 6.399999856948852539e-01 4.799999892711639404e-01
1.551305608000000000e+09 8.839600080000000000e+08 6.646768000000000000e+06 5.923824000000000000e+06 6.097904000000000000e+06 7.192560000000000000e+06 9.226000000000000000e+03 2.264400000000000000e+04 1.747300000000000000e+04 1.482000000000000000e+04 6.000000238418579102e-01 8.000000119209289551e-01 6.399999856948852539e-01 4.799999892711639404e-01
1.551305608000000000e+09 9.100220200000000000e+08 6.646256000000000000e+06 5.925360000000000000e+06 6.098416000000000000e+06 7.192048000000000000e+06 9.202000000000000000e+03 2.260400000000000000e+04 1.746500000000000000e+04 1.480800000000000000e+04 6.000000238418579102e-01 8.000000119209289551e-01 6.399999856948852539e-01 4.799999892711639404e-01
1.551305608000000000e+09 9.358251090000000000e+08 6.646768000000000000e+06 5.924336000000000000e+06 6.097904000000000000e+06 7.193072000000000000e+06 9.181000000000000000e+03 2.260400000000000000e+04 1.745000000000000000e+04 1.480500000000000000e+04 6.000000238418579102e-01 8.000000119209289551e-01 6.399999856948852539e-01 4.799999892711639404e-01
1.551305608000000000e+09 9.619090550000000000e+08 6.646768000000000000e+06 5.924336000000000000e+06 6.097904000000000000e+06 7.192048000000000000e+06 9.169000000000000000e+03 2.261700000000000000e+04 1.755200000000000000e+04 1.480600000000000000e+04 6.000000238418579102e-01 8.000000119209289551e-01 6.399999856948852539e-01 4.799999892711639404e-01
1.551305608000000000e+09 9.879078860000000000e+08 6.647280000000000000e+06 5.924336000000000000e+06 6.097904000000000000e+06 7.191536000000000000e+06 9.169000000000000000e+03 2.260200000000000000e+04 1.755200000000000000e+04 1.480600000000000000e+04 6.000000238418579102e-01 8.000000119209289551e-01 6.399999856948852539e-01 4.799999892711639404e-01
1.551305609000000000e+09 1.389503400000000000e+07 6.646768000000000000e+06 5.924848000000000000e+06 6.097392000000000000e+06 7.192048000000000000e+06 9.172000000000000000e+03 2.256100000000000000e+04 1.744200000000000000e+04 1.478200000000000000e+04 6.000000238418579102e-01 8.000000119209289551e-01 6.399999856948852539e-01 4.799999892711639404e-01
1.551305609000000000e+09 4.136109300000000000e+07 6.646768000000000000e+06 5.924848000000000000e+06 6.097904000000000000e+06 7.193072000000000000e+06 9.131000000000000000e+03 2.254900000000000000e+04 1.744800000000000000e+04 1.479300000000000000e+04 5.899999737739562988e-01 8.000000119209289551e-01 6.399999856948852539e-01 4.799999892711639404e-01
1.551305609000000000e+09 6.788802100000000000e+07 6.646768000000000000e+06 5.924848000000000000e+06 6.097904000000000000e+06 7.193584000000000000e+06 9.161000000000000000e+03 2.254900000000000000e+04 1.748300000000000000e+04 1.481500000000000000e+04 6.000000238418579102e-01 8.000000119209289551e-01 6.399999856948852539e-01 4.799999892711639404e-01
1.551305609000000000e+09 9.393692000000000000e+07 6.646256000000000000e+06 5.924336000000000000e+06 6.098416000000000000e+06 7.194096000000000000e+06 9.133000000000000000e+03 2.258200000000000000e+04 1.748300000000000000e+04 1.482600000000000000e+04 5.899999737739562988e-01 8.000000119209289551e-01 6.399999856948852539e-01 4.799999892711639404e-01
1.551305609000000000e+09 1.198930740000000000e+08 6.646256000000000000e+06 5.924336000000000000e+06 6.097904000000000000e+06 7.195632000000000000e+06 9.133000000000000000e+03 2.249800000000000000e+04 1.747300000000000000e+04 1.487300000000000000e+04 5.899999737739562988e-01 8.000000119209289551e-01 6.399999856948852539e-01 4.799999892711639404e-01
1.551305609000000000e+09 1.458649630000000000e+08 6.646768000000000000e+06 5.924336000000000000e+06 6.098416000000000000e+06 7.196656000000000000e+06 9.088000000000000000e+03 2.249000000000000000e+04 1.752300000000000000e+04 1.487300000000000000e+04 5.899999737739562988e-01 8.000000119209289551e-01 6.399999856948852539e-01 4.799999892711639404e-01
1.551305609000000000e+09 1.718521110000000000e+08 6.646256000000000000e+06 5.924336000000000000e+06 6.098416000000000000e+06 7.199216000000000000e+06 9.035000000000000000e+03 2.240600000000000000e+04 1.757700000000000000e+04 1.449100000000000000e+04 5.899999737739562988e-01 8.000000119209289551e-01 6.399999856948852539e-01 4.699999988079071045e-01
1.551305609000000000e+09 1.978209010000000000e+08 6.646256000000000000e+06 5.924336000000000000e+06 6.098416000000000000e+06 7.201264000000000000e+06 8.953000000000000000e+03 2.240600000000000000e+04 1.757700000000000000e+04 1.450200000000000000e+04 5.799999833106994629e-01 8.000000119209289551e-01 6.399999856948852539e-01 4.699999988079071045e-01
1.551305609000000000e+09 2.238590710000000000e+08 6.646256000000000000e+06 5.923824000000000000e+06 6.098416000000000000e+06 7.201776000000000000e+06 8.953000000000000000e+03 2.230100000000000000e+04 1.754100000000000000e+04 1.448300000000000000e+04 5.799999833106994629e-01 7.900000214576721191e-01 6.399999856948852539e-01 4.699999988079071045e-01
1.551305609000000000e+09 2.498469350000000000e+08 6.645744000000000000e+06 5.923824000000000000e+06 6.098416000000000000e+06 7.203824000000000000e+06 8.865000000000000000e+03 2.221200000000000000e+04 1.755500000000000000e+04 1.454200000000000000e+04 5.799999833106994629e-01 7.900000214576721191e-01 6.399999856948852539e-01 4.699999988079071045e-01
1.551305609000000000e+09 2.758998870000000000e+08 6.645744000000000000e+06 5.923824000000000000e+06 6.098416000000000000e+06 7.206384000000000000e+06 8.835000000000000000e+03 2.218300000000000000e+04 1.763100000000000000e+04 1.454200000000000000e+04 5.799999833106994629e-01 7.900000214576721191e-01 6.399999856948852539e-01 4.699999988079071045e-01
1.551305609000000000e+09 3.018419740000000000e+08 6.645232000000000000e+06 5.923824000000000000e+06 6.098416000000000000e+06 7.208944000000000000e+06 8.676000000000000000e+03 2.214500000000000000e+04 1.763100000000000000e+04 1.460500000000000000e+04 5.699999928474426270e-01 7.900000214576721191e-01 6.399999856948852539e-01 4.699999988079071045e-01
1.551305609000000000e+09 3.278849120000000000e+08 6.644720000000000000e+06 5.923824000000000000e+06 6.098416000000000000e+06 7.210480000000000000e+06 8.676000000000000000e+03 2.214500000000000000e+04 1.766700000000000000e+04 1.465700000000000000e+04 5.699999928474426270e-01 7.900000214576721191e-01 6.399999856948852539e-01 4.699999988079071045e-01
1.551305609000000000e+09 3.538401120000000000e+08 6.645232000000000000e+06 5.923824000000000000e+06 6.098416000000000000e+06 7.213552000000000000e+06 8.676000000000000000e+03 2.204300000000000000e+04 1.770200000000000000e+04 1.476800000000000000e+04 5.699999928474426270e-01 7.799999713897705078e-01 6.499999761581420898e-01 4.799999892711639404e-01
1.551305609000000000e+09 3.798599240000000000e+08 6.645232000000000000e+06 5.923824000000000000e+06 6.098416000000000000e+06 7.213552000000000000e+06 8.641000000000000000e+03 2.202600000000000000e+04 1.774300000000000000e+04 1.484200000000000000e+04 5.699999928474426270e-01 7.799999713897705078e-01 6.499999761581420898e-01 4.799999892711639404e-01
1.551305609000000000e+09 4.058530330000000000e+08 6.645232000000000000e+06 5.923824000000000000e+06 6.097904000000000000e+06 7.214064000000000000e+06 8.633000000000000000e+03 2.201900000000000000e+04 1.774300000000000000e+04 1.500900000000000000e+04 5.600000023841857910e-01 7.799999713897705078e-01 6.499999761581420898e-01 4.799999892711639404e-01
1.551305609000000000e+09 4.318540090000000000e+08 6.645232000000000000e+06 5.923824000000000000e+06 6.098416000000000000e+06 7.216112000000000000e+06 8.633000000000000000e+03 2.202600000000000000e+04 1.772600000000000000e+04 1.500900000000000000e+04 5.600000023841857910e-01 7.799999713897705078e-01 6.499999761581420898e-01 4.799999892711639404e-01
1.551305609000000000e+09 4.578380580000000000e+08 6.645232000000000000e+06 5.923824000000000000e+06 6.098416000000000000e+06 7.216112000000000000e+06 8.612000000000000000e+03 2.202600000000000000e+04 1.782000000000000000e+04 1.511800000000000000e+04 5.600000023841857910e-01 7.799999713897705078e-01 6.499999761581420898e-01 4.900000095367431641e-01
1.551305609000000000e+09 4.839370250000000000e+08 6.645232000000000000e+06 5.923824000000000000e+06 6.098928000000000000e+06 7.217648000000000000e+06 8.643000000000000000e+03 2.205900000000000000e+04 1.787100000000000000e+04 1.519400000000000000e+04 5.699999928474426270e-01 7.900000214576721191e-01 6.499999761581420898e-01 4.900000095367431641e-01
1.551305609000000000e+09 5.098059170000000000e+08 6.644720000000000000e+06 5.923824000000000000e+06 6.098416000000000000e+06 7.221744000000000000e+06 8.615000000000000000e+03 2.212100000000000000e+04 1.787100000000000000e+04 1.535000000000000000e+04 5.600000023841857910e-01 7.900000214576721191e-01 6.499999761581420898e-01 4.900000095367431641e-01
1.551305609000000000e+09 5.358879560000000000e+08 6.644720000000000000e+06 5.923824000000000000e+06 6.098416000000000000e+06 7.222256000000000000e+06 8.615000000000000000e+03 2.208300000000000000e+04 1.795700000000000000e+04 1.546900000000000000e+04 5.600000023841857910e-01 7.900000214576721191e-01 6.499999761581420898e-01 5.000000000000000000e-01
1.551305609000000000e+09 5.618650910000000000e+08 6.644720000000000000e+06 5.923312000000000000e+06 6.098928000000000000e+06 7.222768000000000000e+06 8.614000000000000000e+03 2.208300000000000000e+04 1.798300000000000000e+04 1.546900000000000000e+04 5.600000023841857910e-01 7.900000214576721191e-01 6.499999761581420898e-01 5.000000000000000000e-01
1.551305609000000000e+09 5.878050320000000000e+08 6.644720000000000000e+06 5.923824000000000000e+06 6.098416000000000000e+06 7.223280000000000000e+06 8.577000000000000000e+03 2.201600000000000000e+04 1.799000000000000000e+04 1.554500000000000000e+04 5.600000023841857910e-01 7.799999713897705078e-01 6.499999761581420898e-01 5.000000000000000000e-01
1.551305609000000000e+09 6.139020910000000000e+08 6.644720000000000000e+06 5.923312000000000000e+06 6.098928000000000000e+06 7.224816000000000000e+06 8.498000000000000000e+03 2.201600000000000000e+04 1.801500000000000000e+04 1.560400000000000000e+04 5.600000023841857910e-01 7.799999713897705078e-01 6.600000262260437012e-01 5.000000000000000000e-01
1.551305609000000000e+09 6.397910110000000000e+08 6.644720000000000000e+06 5.923824000000000000e+06 6.098928000000000000e+06 7.224816000000000000e+06 8.498000000000000000e+03 2.196800000000000000e+04 1.801500000000000000e+04 1.566900000000000000e+04 5.600000023841857910e-01 7.799999713897705078e-01 6.600000262260437012e-01 5.000000000000000000e-01
1.551305609000000000e+09 6.658880710000000000e+08 6.645232000000000000e+06 5.923824000000000000e+06 6.098928000000000000e+06 7.223792000000000000e+06 8.553000000000000000e+03 2.211000000000000000e+04 1.809400000000000000e+04 1.569800000000000000e+04 5.600000023841857910e-01 7.900000214576721191e-01 6.600000262260437012e-01 5.099999904632568359e-01
1.551305609000000000e+09 6.918470850000000000e+08 6.644208000000000000e+06 5.924336000000000000e+06 6.098928000000000000e+06 7.224304000000000000e+06 8.538000000000000000e+03 2.196100000000000000e+04 1.811000000000000000e+04 1.574200000000000000e+04 5.600000023841857910e-01 7.799999713897705078e-01 6.600000262260437012e-01 5.099999904632568359e-01
1.551305609000000000e+09 7.178759570000000000e+08 6.644720000000000000e+06 5.923824000000000000e+06 6.098928000000000000e+06 7.227376000000000000e+06 8.472000000000000000e+03 2.194800000000000000e+04 1.807500000000000000e+04 1.574200000000000000e+04 5.600000023841857910e-01 7.799999713897705078e-01 6.600000262260437012e-01 5.099999904632568359e-01
1.551305609000000000e+09 7.437798970000000000e+08 6.644720000000000000e+06 5.923824000000000000e+06 6.098416000000000000e+06 7.227888000000000000e+06 8.472000000000000000e+03 2.194800000000000000e+04 1.807500000000000000e+04 1.582200000000000000e+04 5.600000023841857910e-01 7.799999713897705078e-01 6.600000262260437012e-01 5.099999904632568359e-01
1.551305609000000000e+09 7.697920790000000000e+08 6.644720000000000000e+06 5.923824000000000000e+06 6.098928000000000000e+06 7.227376000000000000e+06 8.473000000000000000e+03 2.197400000000000000e+04 1.814500000000000000e+04 1.588000000000000000e+04 5.600000023841857910e-01 7.799999713897705078e-01 6.600000262260437012e-01 5.099999904632568359e-01
1.551305609000000000e+09 7.958710190000000000e+08 6.644208000000000000e+06 5.923824000000000000e+06 6.098928000000000000e+06 7.227376000000000000e+06 8.471000000000000000e+03 2.198100000000000000e+04 1.815700000000000000e+04 1.593100000000000000e+04 5.600000023841857910e-01 7.799999713897705078e-01 6.600000262260437012e-01 5.099999904632568359e-01
1.551305609000000000e+09 8.217780590000000000e+08 6.644208000000000000e+06 5.923312000000000000e+06 6.098416000000000000e+06 7.226352000000000000e+06 8.479000000000000000e+03 2.202700000000000000e+04 1.807900000000000000e+04 1.595600000000000000e+04 5.600000023841857910e-01 7.799999713897705078e-01 6.600000262260437012e-01 5.099999904632568359e-01
1.551305609000000000e+09 8.478488920000000000e+08 6.644208000000000000e+06 5.923312000000000000e+06 6.098928000000000000e+06 7.226864000000000000e+06 8.479000000000000000e+03 2.194900000000000000e+04 1.807900000000000000e+04 1.595600000000000000e+04 5.600000023841857910e-01 7.799999713897705078e-01 6.600000262260437012e-01 5.099999904632568359e-01
1.551305609000000000e+09 8.738489150000000000e+08 6.644208000000000000e+06 5.923824000000000000e+06 6.098928000000000000e+06 7.230960000000000000e+06 8.464000000000000000e+03 2.194900000000000000e+04 1.820600000000000000e+04 1.601300000000000000e+04 5.600000023841857910e-01 7.799999713897705078e-01 6.600000262260437012e-01 5.099999904632568359e-01
1.551305609000000000e+09 8.997950550000000000e+08 6.644720000000000000e+06 5.923312000000000000e+06 6.098928000000000000e+06 7.228912000000000000e+06 8.466000000000000000e+03 2.194300000000000000e+04 1.829400000000000000e+04 1.611600000000000000e+04 5.600000023841857910e-01 7.799999713897705078e-01 6.600000262260437012e-01 5.199999809265136719e-01
1.551305609000000000e+09 9.257609840000000000e+08 6.644720000000000000e+06 5.923824000000000000e+06 6.098928000000000000e+06 7.229936000000000000e+06 8.520000000000000000e+03 2.204600000000000000e+04 1.833600000000000000e+04 1.611600000000000000e+04 5.600000023841857910e-01 7.799999713897705078e-01 6.700000166893005371e-01 5.199999809265136719e-01
1.551305609000000000e+09 9.518051140000000000e+08 6.644720000000000000e+06 5.923312000000000000e+06 6.098928000000000000e+06 7.237616000000000000e+06 8.457000000000000000e+03 2.195300000000000000e+04 1.833600000000000000e+04 1.637900000000000000e+04 5.500000119209289551e-01 7.799999713897705078e-01 6.700000166893005371e-01 5.299999713897705078e-01
1.551305609000000000e+09 9.778230190000000000e+08 6.644208000000000000e+06 5.923312000000000000e+06 6.099440000000000000e+06 7.241712000000000000e+06 8.457000000000000000e+03 2.192300000000000000e+04 1.852400000000000000e+04 1.666100000000000000e+04 5.500000119209289551e-01 7.799999713897705078e-01 6.700000166893005371e-01 5.299999713897705078e-01
1.551305610000000000e+09 3.818988000000000000e+06 6.644720000000000000e+06 5.923824000000000000e+06 6.098928000000000000e+06 7.242224000000000000e+06 8.482000000000000000e+03 2.192300000000000000e+04 1.873700000000000000e+04 1.666100000000000000e+04 5.600000023841857910e-01 7.799999713897705078e-01 6.800000071525573730e-01 5.299999713897705078e-01
1.551305610000000000e+09 2.985405900000000000e+07 6.645232000000000000e+06 5.923312000000000000e+06 6.099440000000000000e+06 7.241712000000000000e+06 8.545000000000000000e+03 2.207200000000000000e+04 1.880700000000000000e+04 1.675500000000000000e+04 5.600000023841857910e-01 7.900000214576721191e-01 6.800000071525573730e-01 5.400000214576721191e-01
1.551305610000000000e+09 5.588698300000000000e+07 6.644208000000000000e+06 5.923312000000000000e+06 6.099440000000000000e+06 7.246320000000000000e+06 8.467000000000000000e+03 2.198200000000000000e+04 1.880700000000000000e+04 1.686600000000000000e+04 5.600000023841857910e-01 7.799999713897705078e-01 6.800000071525573730e-01 5.400000214576721191e-01
1.551305610000000000e+09 6.645298000000000000e+07 6.644208000000000000e+06 5.923312000000000000e+06 6.098928000000000000e+06 7.245808000000000000e+06 8.467000000000000000e+03 2.194800000000000000e+04 1.889700000000000000e+04 1.702700000000000000e+04 5.600000023841857910e-01 7.799999713897705078e-01 6.800000071525573730e-01 5.400000214576721191e-01
1.551305610000000000e+09 7.101392700000000000e+07 6.644208000000000000e+06 5.923312000000000000e+06 6.098928000000000000e+06 7.245808000000000000e+06 8.515000000000000000e+03 2.202400000000000000e+04 1.902100000000000000e+04 1.706200000000000000e+04 5.600000023841857910e-01 7.799999713897705078e-01 6.899999976158142090e-01 5.400000214576721191e-01
1.551305610000000000e+09 7.476902000000000000e+07 6.644208000000000000e+06 5.922800000000000000e+06 6.099440000000000000e+06 7.245808000000000000e+06 8.530000000000000000e+03 2.202400000000000000e+04 1.908500000000000000e+04 1.706200000000000000e+04 5.600000023841857910e-01 7.799999713897705078e-01 6.899999976158142090e-01 5.400000214576721191e-01
1.551305610000000000e+09 7.766890500000000000e+07 6.644208000000000000e+06 5.922800000000000000e+06 6.098928000000000000e+06 7.245808000000000000e+06 8.497000000000000000e+03 2.204800000000000000e+04 1.908500000000000000e+04 1.706600000000000000e+04 5.600000023841857910e-01 7.900000214576721191e-01 6.899999976158142090e-01 5.400000214576721191e-01
1.551305610000000000e+09 8.045697200000000000e+07 6.644208000000000000e+06 5.923312000000000000e+06 6.099440000000000000e+06 7.248368000000000000e+06 8.497000000000000000e+03 2.198500000000000000e+04 1.906700000000000000e+04 1.713400000000000000e+04 5.600000023841857910e-01 7.799999713897705078e-01 6.899999976158142090e-01 5.500000119209289551e-01
1.551305610000000000e+09 8.329510600000000000e+07 6.644208000000000000e+06 5.923312000000000000e+06 6.099440000000000000e+06 7.246320000000000000e+06 8.476000000000000000e+03 2.189300000000000000e+04 1.912100000000000000e+04 1.713400000000000000e+04 5.600000023841857910e-01 7.799999713897705078e-01 6.899999976158142090e-01 5.500000119209289551e-01
1.551305610000000000e+09 8.616399700000000000e+07 6.644208000000000000e+06 5.922800000000000000e+06 6.100464000000000000e+06 7.245808000000000000e+06 8.459000000000000000e+03 2.194800000000000000e+04 1.922400000000000000e+04 1.716400000000000000e+04 5.500000119209289551e-01 7.799999713897705078e-01 6.999999880790710449e-01 5.500000119209289551e-01
1.551305610000000000e+09 8.923292100000000000e+07 6.644720000000000000e+06 5.923312000000000000e+06 6.098928000000000000e+06 7.245808000000000000e+06 8.396000000000000000e+03 2.187300000000000000e+04 1.922400000000000000e+04 1.708300000000000000e+04 5.500000119209289551e-01 7.799999713897705078e-01 6.999999880790710449e-01 5.500000119209289551e-01
1.551305610000000000e+09 9.216690000000000000e+07 6.644720000000000000e+06 5.923312000000000000e+06 6.098928000000000000e+06 7.244272000000000000e+06 8.396000000000000000e+03 2.187300000000000000e+04 1.901400000000000000e+04 1.708300000000000000e+04 5.500000119209289551e-01 7.799999713897705078e-01 6.899999976158142090e-01 5.500000119209289551e-01
