0.000000000000000000e+00 0.000000000000000000e+00 0.000000000000000000e+00 0.000000000000000000e+00 0.000000000000000000e+00 0.000000000000000000e+00 0.000000000000000000e+00 0.000000000000000000e+00 0.000000000000000000e+00 0.000000000000000000e+00 0.000000000000000000e+00 0.000000000000000000e+00 0.000000000000000000e+00 0.000000000000000000e+00
1.551308850000000000e+09 3.062779900000000000e+08 6.639088000000000000e+06 5.912560000000000000e+06 6.089712000000000000e+06 7.127536000000000000e+06 4.328000000000000000e+03 9.596000000000000000e+03 1.136200000000000000e+04 1.136000000000000000e+04 3.199999928474426270e-01 3.700000047683715820e-01 4.300000071525573730e-01 3.799999952316284180e-01
1.551308850000000000e+09 4.100940220000000000e+08 6.639600000000000000e+06 5.912560000000000000e+06 6.089200000000000000e+06 7.127536000000000000e+06 4.302000000000000000e+03 9.596000000000000000e+03 1.136200000000000000e+04 1.135900000000000000e+04 3.100000023841857910e-01 3.700000047683715820e-01 4.300000071525573730e-01 3.799999952316284180e-01
1.551308850000000000e+09 5.140540590000000000e+08 6.639600000000000000e+06 5.912560000000000000e+06 6.089712000000000000e+06 7.127536000000000000e+06 4.325000000000000000e+03 9.597000000000000000e+03 1.136400000000000000e+04 1.136100000000000000e+04 3.199999928474426270e-01 3.700000047683715820e-01 4.300000071525573730e-01 3.799999952316284180e-01
1.551308850000000000e+09 6.179139610000000000e+08 6.639088000000000000e+06 5.912560000000000000e+06 6.089200000000000000e+06 7.127536000000000000e+06 4.330000000000000000e+03 9.575000000000000000e+03 1.136800000000000000e+04 1.136100000000000000e+04 3.199999928474426270e-01 3.700000047683715820e-01 4.300000071525573730e-01 3.799999952316284180e-01
1.551308850000000000e+09 7.223260400000000000e+08 6.639600000000000000e+06 5.913072000000000000e+06 6.090224000000000000e+06 7.127536000000000000e+06 4.330000000000000000e+03 9.611000000000000000e+03 1.132800000000000000e+04 1.136400000000000000e+04 3.199999928474426270e-01 3.700000047683715820e-01 4.300000071525573730e-01 3.799999952316284180e-01
1.551308850000000000e+09 8.269889350000000000e+08 6.639600000000000000e+06 5.912048000000000000e+06 6.089200000000000000e+06 7.127536000000000000e+06 4.335000000000000000e+03 9.611000000000000000e+03 1.132800000000000000e+04 1.136500000000000000e+04 3.199999928474426270e-01 3.700000047683715820e-01 4.300000071525573730e-01 3.799999952316284180e-01
1.551308850000000000e+09 9.308478830000000000e+08 6.639600000000000000e+06 5.912560000000000000e+06 6.089712000000000000e+06 7.128048000000000000e+06 4.339000000000000000e+03 9.607000000000000000e+03 1.137000000000000000e+04 1.137200000000000000e+04 3.199999928474426270e-01 3.700000047683715820e-01 4.300000071525573730e-01 3.799999952316284180e-01
1.551308851000000000e+09 3.500103900000000000e+07 6.639600000000000000e+06 5.912560000000000000e+06 6.089200000000000000e+06 7.127536000000000000e+06 4.355000000000000000e+03 9.634000000000000000e+03 1.139800000000000000e+04 1.138800000000000000e+04 3.199999928474426270e-01 3.700000047683715820e-01 4.300000071525573730e-01 3.799999952316284180e-01
1.551308851000000000e+09 1.389029020000000000e+08 6.639600000000000000e+06 5.912560000000000000e+06 6.089712000000000000e+06 7.127536000000000000e+06 4.355000000000000000e+03 9.665000000000000000e+03 1.141900000000000000e+04 1.138800000000000000e+04 3.199999928474426270e-01 3.799999952316284180e-01 4.300000071525573730e-01 3.799999952316284180e-01
1.551308851000000000e+09 2.427940360000000000e+08 6.639600000000000000e+06 5.912560000000000000e+06 6.089712000000000000e+06 7.127536000000000000e+06 4.376000000000000000e+03 9.724000000000000000e+03 1.141900000000000000e+04 1.141400000000000000e+04 3.199999928474426270e-01 3.799999952316284180e-01 4.300000071525573730e-01 3.799999952316284180e-01
1.551308851000000000e+09 3.469400400000000000e+08 6.639600000000000000e+06 5.912560000000000000e+06 6.089712000000000000e+06 7.127536000000000000e+06 4.420000000000000000e+03 9.724000000000000000e+03 1.147800000000000000e+04 1.145600000000000000e+04 3.199999928474426270e-01 3.799999952316284180e-01 4.399999976158142090e-01 3.799999952316284180e-01
1.551308851000000000e+09 4.508709900000000000e+08 6.639600000000000000e+06 5.912560000000000000e+06 6.089712000000000000e+06 7.127536000000000000e+06 4.482000000000000000e+03 9.795000000000000000e+03 1.157100000000000000e+04 1.145400000000000000e+04 3.199999928474426270e-01 3.799999952316284180e-01 4.399999976158142090e-01 3.799999952316284180e-01
1.551308851000000000e+09 5.549130430000000000e+08 6.639088000000000000e+06 5.912560000000000000e+06 6.089712000000000000e+06 7.127024000000000000e+06 4.482000000000000000e+03 9.893000000000000000e+03 1.171300000000000000e+04 1.161000000000000000e+04 3.199999928474426270e-01 3.799999952316284180e-01 4.399999976158142090e-01 3.799999952316284180e-01
1.551308851000000000e+09 6.589310160000000000e+08 6.639088000000000000e+06 5.912560000000000000e+06 6.089200000000000000e+06 7.127536000000000000e+06 4.587000000000000000e+03 1.007600000000000000e+04 1.171300000000000000e+04 1.184500000000000000e+04 3.300000131130218506e-01 3.899999856948852539e-01 4.399999976158142090e-01 3.899999856948852539e-01
1.551308851000000000e+09 7.629139420000000000e+08 6.639600000000000000e+06 5.912560000000000000e+06 6.089712000000000000e+06 7.127536000000000000e+06 4.836000000000000000e+03 1.049700000000000000e+04 1.216500000000000000e+04 1.184500000000000000e+04 3.400000035762786865e-01 4.000000059604644775e-01 4.600000083446502686e-01 3.899999856948852539e-01
1.551308851000000000e+09 8.669049730000000000e+08 6.639600000000000000e+06 5.912560000000000000e+06 6.089200000000000000e+06 7.127536000000000000e+06 5.494000000000000000e+03 1.049700000000000000e+04 1.348500000000000000e+04 1.234500000000000000e+04 3.799999952316284180e-01 4.000000059604644775e-01 5.099999904632568359e-01 4.099999964237213135e-01
1.551308851000000000e+09 9.732029430000000000e+08 6.639600000000000000e+06 5.912560000000000000e+06 6.089712000000000000e+06 7.127536000000000000e+06 5.494000000000000000e+03 1.145300000000000000e+04 1.480900000000000000e+04 1.331900000000000000e+04 3.799999952316284180e-01 4.399999976158142090e-01 5.500000119209289551e-01 4.300000071525573730e-01
1.551308852000000000e+09 7.784390400000000000e+07 6.639088000000000000e+06 5.913072000000000000e+06 6.089712000000000000e+06 7.128560000000000000e+06 6.458000000000000000e+03 1.212500000000000000e+04 1.480900000000000000e+04 1.382300000000000000e+04 4.300000071525573730e-01 4.600000083446502686e-01 5.500000119209289551e-01 4.499999880790710449e-01
1.551308852000000000e+09 1.818099020000000000e+08 6.639088000000000000e+06 5.912560000000000000e+06 6.089712000000000000e+06 7.131632000000000000e+06 7.558000000000000000e+03 1.316000000000000000e+04 1.519000000000000000e+04 1.415100000000000000e+04 5.000000000000000000e-01 4.900000095367431641e-01 5.600000023841857910e-01 4.600000083446502686e-01
1.551308852000000000e+09 2.598299980000000000e+08 6.639600000000000000e+06 5.913072000000000000e+06 6.090224000000000000e+06 7.133680000000000000e+06 7.876000000000000000e+03 1.632000000000000000e+04 1.564300000000000000e+04 1.415100000000000000e+04 5.199999809265136719e-01 6.000000238418579102e-01 5.799999833106994629e-01 4.600000083446502686e-01
1.551308852000000000e+09 3.118178840000000000e+08 6.639600000000000000e+06 5.914608000000000000e+06 6.090224000000000000e+06 7.133168000000000000e+06 7.876000000000000000e+03 1.632000000000000000e+04 1.593800000000000000e+04 1.431100000000000000e+04 5.199999809265136719e-01 6.000000238418579102e-01 5.899999737739562988e-01 4.600000083446502686e-01
1.551308852000000000e+09 3.637540340000000000e+08 6.640112000000000000e+06 5.917168000000000000e+06 6.090224000000000000e+06 7.131632000000000000e+06 8.143000000000000000e+03 1.930700000000000000e+04 1.593800000000000000e+04 1.436600000000000000e+04 5.400000214576721191e-01 6.999999880790710449e-01 5.899999737739562988e-01 4.699999988079071045e-01
1.551308852000000000e+09 4.157578940000000000e+08 6.639600000000000000e+06 5.916656000000000000e+06 6.090736000000000000e+06 7.131120000000000000e+06 8.265000000000000000e+03 1.985400000000000000e+04 1.609600000000000000e+04 1.440900000000000000e+04 5.400000214576721191e-01 7.200000286102294922e-01 5.899999737739562988e-01 4.699999988079071045e-01
1.551308852000000000e+09 4.677700990000000000e+08 6.640112000000000000e+06 5.916656000000000000e+06 6.090224000000000000e+06 7.131120000000000000e+06 8.403000000000000000e+03 1.994100000000000000e+04 1.627900000000000000e+04 1.450200000000000000e+04 5.500000119209289551e-01 7.200000286102294922e-01 6.000000238418579102e-01 4.699999988079071045e-01
1.551308852000000000e+09 4.939579960000000000e+08 6.639600000000000000e+06 5.916144000000000000e+06 6.090224000000000000e+06 7.133168000000000000e+06 8.403000000000000000e+03 2.016300000000000000e+04 1.639700000000000000e+04 1.450200000000000000e+04 5.500000119209289551e-01 7.300000190734863281e-01 6.000000238418579102e-01 4.699999988079071045e-01
1.551308852000000000e+09 5.197529790000000000e+08 6.639600000000000000e+06 5.915632000000000000e+06 6.090224000000000000e+06 7.133680000000000000e+06 8.528000000000000000e+03 2.016300000000000000e+04 1.639700000000000000e+04 1.457200000000000000e+04 5.600000023841857910e-01 7.300000190734863281e-01 6.000000238418579102e-01 4.699999988079071045e-01
1.551308852000000000e+09 5.458080760000000000e+08 6.639600000000000000e+06 5.915632000000000000e+06 6.090224000000000000e+06 7.134192000000000000e+06 8.526000000000000000e+03 1.997500000000000000e+04 1.639100000000000000e+04 1.459000000000000000e+04 5.600000023841857910e-01 7.200000286102294922e-01 6.000000238418579102e-01 4.699999988079071045e-01
1.551308852000000000e+09 5.718660350000000000e+08 6.640112000000000000e+06 5.916144000000000000e+06 6.090736000000000000e+06 7.134192000000000000e+06 8.593000000000000000e+03 2.008000000000000000e+04 1.644300000000000000e+04 1.462000000000000000e+04 5.600000023841857910e-01 7.200000286102294922e-01 6.000000238418579102e-01 4.699999988079071045e-01
1.551308852000000000e+09 5.977900020000000000e+08 6.639600000000000000e+06 5.915632000000000000e+06 6.090224000000000000e+06 7.132656000000000000e+06 8.593000000000000000e+03 2.019500000000000000e+04 1.635100000000000000e+04 1.458700000000000000e+04 5.600000023841857910e-01 7.300000190734863281e-01 6.000000238418579102e-01 4.699999988079071045e-01
1.551308852000000000e+09 6.238179200000000000e+08 6.640112000000000000e+06 5.916144000000000000e+06 6.090224000000000000e+06 7.132144000000000000e+06 8.672000000000000000e+03 2.037600000000000000e+04 1.635100000000000000e+04 1.457800000000000000e+04 5.699999928474426270e-01 7.300000190734863281e-01 6.000000238418579102e-01 4.699999988079071045e-01
1.551308852000000000e+09 6.497859950000000000e+08 6.639600000000000000e+06 5.915632000000000000e+06 6.090224000000000000e+06 7.131632000000000000e+06 8.780000000000000000e+03 2.037600000000000000e+04 1.654000000000000000e+04 1.457800000000000000e+04 5.699999928474426270e-01 7.300000190734863281e-01 6.100000143051147461e-01 4.699999988079071045e-01
1.551308852000000000e+09 6.757779120000000000e+08 6.639600000000000000e+06 5.915120000000000000e+06 6.090736000000000000e+06 7.132656000000000000e+06 8.821000000000000000e+03 2.056700000000000000e+04 1.658900000000000000e+04 1.459200000000000000e+04 5.799999833106994629e-01 7.400000095367431641e-01 6.100000143051147461e-01 4.699999988079071045e-01
1.551308852000000000e+09 7.017929550000000000e+08 6.639600000000000000e+06 5.915120000000000000e+06 6.090224000000000000e+06 7.133168000000000000e+06 8.821000000000000000e+03 2.057500000000000000e+04 1.658000000000000000e+04 1.461500000000000000e+04 5.799999833106994629e-01 7.400000095367431641e-01 6.100000143051147461e-01 4.699999988079071045e-01
1.551308852000000000e+09 7.277910700000000000e+08 6.639600000000000000e+06 5.915120000000000000e+06 6.090224000000000000e+06 7.133680000000000000e+06 8.746000000000000000e+03 2.054800000000000000e+04 1.658000000000000000e+04 1.463300000000000000e+04 5.699999928474426270e-01 7.400000095367431641e-01 6.100000143051147461e-01 4.699999988079071045e-01
1.551308852000000000e+09 7.537779800000000000e+08 6.639600000000000000e+06 5.915120000000000000e+06 6.090224000000000000e+06 7.134192000000000000e+06 8.728000000000000000e+03 2.056900000000000000e+04 1.659100000000000000e+04 1.463800000000000000e+04 5.699999928474426270e-01 7.400000095367431641e-01 6.100000143051147461e-01 4.699999988079071045e-01
1.551308852000000000e+09 7.798399920000000000e+08 6.639088000000000000e+06 5.915120000000000000e+06 6.090736000000000000e+06 7.134192000000000000e+06 8.740000000000000000e+03 2.056900000000000000e+04 1.661700000000000000e+04 1.463800000000000000e+04 5.699999928474426270e-01 7.400000095367431641e-01 6.100000143051147461e-01 4.699999988079071045e-01
1.551308852000000000e+09 8.058099740000000000e+08 6.639600000000000000e+06 5.915120000000000000e+06 6.090736000000000000e+06 7.134704000000000000e+06 8.740000000000000000e+03 2.060500000000000000e+04 1.667200000000000000e+04 1.469600000000000000e+04 5.699999928474426270e-01 7.400000095367431641e-01 6.100000143051147461e-01 4.799999892711639404e-01
1.551308852000000000e+09 8.318541040000000000e+08 6.639088000000000000e+06 5.915632000000000000e+06 6.090224000000000000e+06 7.135728000000000000e+06 8.786000000000000000e+03 2.072100000000000000e+04 1.667200000000000000e+04 1.474900000000000000e+04 5.699999928474426270e-01 7.400000095367431641e-01 6.100000143051147461e-01 4.799999892711639404e-01
1.551308852000000000e+09 8.578419680000000000e+08 6.639088000000000000e+06 5.915120000000000000e+06 6.090224000000000000e+06 7.136240000000000000e+06 8.752000000000000000e+03 2.069800000000000000e+04 1.670700000000000000e+04 1.478600000000000000e+04 5.699999928474426270e-01 7.400000095367431641e-01 6.100000143051147461e-01 4.799999892711639404e-01
1.551308852000000000e+09 8.838410370000000000e+08 6.639600000000000000e+06 5.915120000000000000e+06 6.090224000000000000e+06 7.137264000000000000e+06 8.747000000000000000e+03 2.070200000000000000e+04 1.672300000000000000e+04 1.479200000000000000e+04 5.699999928474426270e-01 7.400000095367431641e-01 6.100000143051147461e-01 4.799999892711639404e-01
1.551308852000000000e+09 9.097640510000000000e+08 6.639088000000000000e+06 5.915120000000000000e+06 6.090224000000000000e+06 7.137264000000000000e+06 8.747000000000000000e+03 2.073000000000000000e+04 1.668600000000000000e+04 1.477100000000000000e+04 5.699999928474426270e-01 7.400000095367431641e-01 6.100000143051147461e-01 4.799999892711639404e-01
1.551308852000000000e+09 9.357619280000000000e+08 6.639088000000000000e+06 5.915120000000000000e+06 6.090736000000000000e+06 7.137776000000000000e+06 8.743000000000000000e+03 2.073000000000000000e+04 1.668600000000000000e+04 1.477100000000000000e+04 5.699999928474426270e-01 7.400000095367431641e-01 6.100000143051147461e-01 4.799999892711639404e-01
1.551308852000000000e+09 9.617199890000000000e+08 6.639600000000000000e+06 5.915120000000000000e+06 6.090736000000000000e+06 7.137776000000000000e+06 8.662000000000000000e+03 2.065700000000000000e+04 1.668800000000000000e+04 1.477000000000000000e+04 5.699999928474426270e-01 7.400000095367431641e-01 6.100000143051147461e-01 4.799999892711639404e-01
1.551308852000000000e+09 9.877879610000000000e+08 6.638064000000000000e+06 5.915120000000000000e+06 6.090736000000000000e+06 7.137776000000000000e+06 8.689000000000000000e+03 2.071300000000000000e+04 1.672000000000000000e+04 1.475000000000000000e+04 5.699999928474426270e-01 7.400000095367431641e-01 6.100000143051147461e-01 4.799999892711639404e-01
1.551308853000000000e+09 1.382994600000000000e+07 6.639600000000000000e+06 5.915120000000000000e+06 6.090224000000000000e+06 7.139312000000000000e+06 8.550000000000000000e+03 2.081800000000000000e+04 1.691800000000000000e+04 1.485100000000000000e+04 5.600000023841857910e-01 7.500000000000000000e-01 6.200000047683715820e-01 4.799999892711639404e-01
1.551308853000000000e+09 3.972792600000000000e+07 6.639600000000000000e+06 5.915120000000000000e+06 6.090224000000000000e+06 7.139824000000000000e+06 8.550000000000000000e+03 2.042400000000000000e+04 1.691800000000000000e+04 1.480300000000000000e+04 5.600000023841857910e-01 7.300000190734863281e-01 6.200000047683715820e-01 4.799999892711639404e-01
1.551308853000000000e+09 6.574702200000000000e+07 6.639088000000000000e+06 5.915120000000000000e+06 6.090736000000000000e+06 7.139824000000000000e+06 8.284000000000000000e+03 2.042400000000000000e+04 1.665900000000000000e+04 1.480300000000000000e+04 5.400000214576721191e-01 7.300000190734863281e-01 6.100000143051147461e-01 4.799999892711639404e-01
1.551308853000000000e+09 9.183406800000000000e+07 6.639600000000000000e+06 5.916144000000000000e+06 6.090224000000000000e+06 7.138800000000000000e+06 8.162000000000000000e+03 2.068700000000000000e+04 1.660600000000000000e+04 1.479100000000000000e+04 5.400000214576721191e-01 7.400000095367431641e-01 6.100000143051147461e-01 4.799999892711639404e-01
1.551308853000000000e+09 1.177558890000000000e+08 6.639600000000000000e+06 5.916656000000000000e+06 6.090224000000000000e+06 7.136752000000000000e+06 8.142000000000000000e+03 2.111200000000000000e+04 1.668700000000000000e+04 1.476600000000000000e+04 5.400000214576721191e-01 7.599999904632568359e-01 6.100000143051147461e-01 4.799999892711639404e-01
1.551308853000000000e+09 1.437048910000000000e+08 6.639088000000000000e+06 5.916144000000000000e+06 6.090736000000000000e+06 7.135216000000000000e+06 8.142000000000000000e+03 2.117400000000000000e+04 1.692900000000000000e+04 1.473700000000000000e+04 5.400000214576721191e-01 7.599999904632568359e-01 6.200000047683715820e-01 4.799999892711639404e-01
1.551308853000000000e+09 1.697640410000000000e+08 6.639088000000000000e+06 5.915632000000000000e+06 6.090736000000000000e+06 7.135728000000000000e+06 8.019000000000000000e+03 2.097200000000000000e+04 1.692900000000000000e+04 1.477100000000000000e+04 5.299999713897705078e-01 7.500000000000000000e-01 6.200000047683715820e-01 4.799999892711639404e-01
1.551308853000000000e+09 1.957631110000000000e+08 6.639600000000000000e+06 5.915120000000000000e+06 6.090736000000000000e+06 7.137776000000000000e+06 7.790000000000000000e+03 2.097200000000000000e+04 1.703500000000000000e+04 1.481800000000000000e+04 5.199999809265136719e-01 7.500000000000000000e-01 6.200000047683715820e-01 4.799999892711639404e-01
1.551308853000000000e+09 2.217929360000000000e+08 6.639600000000000000e+06 5.914608000000000000e+06 6.091248000000000000e+06 7.138288000000000000e+06 7.728000000000000000e+03 2.092500000000000000e+04 1.712200000000000000e+04 1.481800000000000000e+04 5.099999904632568359e-01 7.500000000000000000e-01 6.299999952316284180e-01 4.799999892711639404e-01
1.551308853000000000e+09 2.477030750000000000e+08 6.639600000000000000e+06 5.916144000000000000e+06 6.090736000000000000e+06 7.137264000000000000e+06 7.728000000000000000e+03 2.135700000000000000e+04 1.716300000000000000e+04 1.483100000000000000e+04 5.099999904632568359e-01 7.599999904632568359e-01 6.299999952316284180e-01 4.799999892711639404e-01
1.551308853000000000e+09 2.737751000000000000e+08 6.638576000000000000e+06 5.916656000000000000e+06 6.090736000000000000e+06 7.137776000000000000e+06 7.671000000000000000e+03 2.166000000000000000e+04 1.716300000000000000e+04 1.483700000000000000e+04 5.099999904632568359e-01 7.699999809265136719e-01 6.299999952316284180e-01 4.799999892711639404e-01
1.551308853000000000e+09 2.998280520000000000e+08 6.639088000000000000e+06 5.917168000000000000e+06 6.090736000000000000e+06 7.138800000000000000e+06 7.507000000000000000e+03 2.169500000000000000e+04 1.714400000000000000e+04 1.488800000000000000e+04 5.000000000000000000e-01 7.699999809265136719e-01 6.299999952316284180e-01 4.799999892711639404e-01
1.551308853000000000e+09 3.259339330000000000e+08 6.639088000000000000e+06 5.917168000000000000e+06 6.090736000000000000e+06 7.139312000000000000e+06 7.493000000000000000e+03 2.169500000000000000e+04 1.720500000000000000e+04 1.492600000000000000e+04 5.000000000000000000e-01 7.699999809265136719e-01 6.299999952316284180e-01 4.799999892711639404e-01
1.551308853000000000e+09 3.517410750000000000e+08 6.639088000000000000e+06 5.916144000000000000e+06 6.091248000000000000e+06 7.137776000000000000e+06 7.493000000000000000e+03 2.168000000000000000e+04 1.731200000000000000e+04 1.492600000000000000e+04 5.000000000000000000e-01 7.699999809265136719e-01 6.299999952316284180e-01 4.799999892711639404e-01
1.551308853000000000e+09 3.776969900000000000e+08 6.639088000000000000e+06 5.916656000000000000e+06 6.091248000000000000e+06 7.137776000000000000e+06 7.441000000000000000e+03 2.162900000000000000e+04 1.731200000000000000e+04 1.492300000000000000e+04 4.900000095367431641e-01 7.699999809265136719e-01 6.299999952316284180e-01 4.799999892711639404e-01
1.551308853000000000e+09 4.038031100000000000e+08 6.639088000000000000e+06 5.916656000000000000e+06 6.091760000000000000e+06 7.138288000000000000e+06 7.407000000000000000e+03 2.163600000000000000e+04 1.735400000000000000e+04 1.493400000000000000e+04 4.900000095367431641e-01 7.699999809265136719e-01 6.299999952316284180e-01 4.799999892711639404e-01
1.551308853000000000e+09 4.297618860000000000e+08 6.639088000000000000e+06 5.916656000000000000e+06 6.091760000000000000e+06 7.138800000000000000e+06 7.520000000000000000e+03 2.174100000000000000e+04 1.739500000000000000e+04 1.488900000000000000e+04 5.000000000000000000e-01 7.799999713897705078e-01 6.399999856948852539e-01 4.799999892711639404e-01
1.551308853000000000e+09 4.557950490000000000e+08 6.639088000000000000e+06 5.916144000000000000e+06 6.091248000000000000e+06 7.138800000000000000e+06 7.520000000000000000e+03 2.174100000000000000e+04 1.741700000000000000e+04 1.495300000000000000e+04 5.000000000000000000e-01 7.799999713897705078e-01 6.399999856948852539e-01 4.799999892711639404e-01
1.551308853000000000e+09 4.835660450000000000e+08 6.639600000000000000e+06 5.916144000000000000e+06 6.091760000000000000e+06 7.139824000000000000e+06 7.458000000000000000e+03 2.171400000000000000e+04 1.741700000000000000e+04 1.495300000000000000e+04 5.000000000000000000e-01 7.799999713897705078e-01 6.399999856948852539e-01 4.799999892711639404e-01
1.551308853000000000e+09 5.098071090000000000e+08 6.639088000000000000e+06 5.916144000000000000e+06 6.091248000000000000e+06 7.140336000000000000e+06 7.455000000000000000e+03 2.165700000000000000e+04 1.740600000000000000e+04 1.495900000000000000e+04 4.900000095367431641e-01 7.699999809265136719e-01 6.399999856948852539e-01 4.799999892711639404e-01
1.551308853000000000e+09 5.357949730000000000e+08 6.639088000000000000e+06 5.916656000000000000e+06 6.091760000000000000e+06 7.140848000000000000e+06 7.474000000000000000e+03 2.188400000000000000e+04 1.751400000000000000e+04 1.497700000000000000e+04 5.000000000000000000e-01 7.799999713897705078e-01 6.399999856948852539e-01 4.799999892711639404e-01
1.551308853000000000e+09 5.618040560000000000e+08 6.638576000000000000e+06 5.916656000000000000e+06 6.091248000000000000e+06 7.140848000000000000e+06 7.474000000000000000e+03 2.175300000000000000e+04 1.747900000000000000e+04 1.499800000000000000e+04 5.000000000000000000e-01 7.799999713897705078e-01 6.399999856948852539e-01 4.799999892711639404e-01
1.551308853000000000e+09 5.877029890000000000e+08 6.639600000000000000e+06 5.917168000000000000e+06 6.091248000000000000e+06 7.140848000000000000e+06 7.498000000000000000e+03 2.175300000000000000e+04 1.747900000000000000e+04 1.501400000000000000e+04 5.000000000000000000e-01 7.799999713897705078e-01 6.399999856948852539e-01 4.799999892711639404e-01
1.551308853000000000e+09 6.137359140000000000e+08 6.639600000000000000e+06 5.917168000000000000e+06 6.091248000000000000e+06 7.140336000000000000e+06 7.510000000000000000e+03 2.174500000000000000e+04 1.749000000000000000e+04 1.500200000000000000e+04 5.000000000000000000e-01 7.799999713897705078e-01 6.399999856948852539e-01 4.799999892711639404e-01
1.551308853000000000e+09 6.398251050000000000e+08 6.639088000000000000e+06 5.916656000000000000e+06 6.091248000000000000e+06 7.140336000000000000e+06 7.505000000000000000e+03 2.174700000000000000e+04 1.748100000000000000e+04 1.500200000000000000e+04 5.000000000000000000e-01 7.799999713897705078e-01 6.399999856948852539e-01 4.799999892711639404e-01
1.551308853000000000e+09 6.657750600000000000e+08 6.639600000000000000e+06 5.916656000000000000e+06 6.091248000000000000e+06 7.141360000000000000e+06 7.505000000000000000e+03 2.171400000000000000e+04 1.746600000000000000e+04 1.502100000000000000e+04 5.000000000000000000e-01 7.799999713897705078e-01 6.399999856948852539e-01 4.900000095367431641e-01
1.551308853000000000e+09 6.917719840000000000e+08 6.639088000000000000e+06 5.916144000000000000e+06 6.091760000000000000e+06 7.140336000000000000e+06 7.483000000000000000e+03 2.166500000000000000e+04 1.746600000000000000e+04 1.503000000000000000e+04 5.000000000000000000e-01 7.699999809265136719e-01 6.399999856948852539e-01 4.900000095367431641e-01
1.551308853000000000e+09 7.177219390000000000e+08 6.639088000000000000e+06 5.916144000000000000e+06 6.091248000000000000e+06 7.140848000000000000e+06 7.483000000000000000e+03 2.166500000000000000e+04 1.742800000000000000e+04 1.501400000000000000e+04 5.000000000000000000e-01 7.699999809265136719e-01 6.399999856948852539e-01 4.799999892711639404e-01
1.551308853000000000e+09 7.436909670000000000e+08 6.639088000000000000e+06 5.916656000000000000e+06 6.091760000000000000e+06 7.140848000000000000e+06 7.460000000000000000e+03 2.165100000000000000e+04 1.741600000000000000e+04 1.503300000000000000e+04 5.000000000000000000e-01 7.699999809265136719e-01 6.399999856948852539e-01 4.900000095367431641e-01
1.551308853000000000e+09 7.697310440000000000e+08 6.639088000000000000e+06 5.916656000000000000e+06 6.091248000000000000e+06 7.140848000000000000e+06 7.460000000000000000e+03 2.163100000000000000e+04 1.741600000000000000e+04 1.503300000000000000e+04 5.000000000000000000e-01 7.699999809265136719e-01 6.399999856948852539e-01 4.900000095367431641e-01
1.551308853000000000e+09 7.957849500000000000e+08 6.639088000000000000e+06 5.917168000000000000e+06 6.091248000000000000e+06 7.140848000000000000e+06 7.503000000000000000e+03 2.168100000000000000e+04 1.741600000000000000e+04 1.501900000000000000e+04 5.000000000000000000e-01 7.699999809265136719e-01 6.399999856948852539e-01 4.900000095367431641e-01
1.551308853000000000e+09 8.217270370000000000e+08 6.639600000000000000e+06 5.917168000000000000e+06 6.091248000000000000e+06 7.141360000000000000e+06 7.522000000000000000e+03 2.167600000000000000e+04 1.742200000000000000e+04 1.503900000000000000e+04 5.000000000000000000e-01 7.699999809265136719e-01 6.399999856948852539e-01 4.900000095367431641e-01
1.551308853000000000e+09 8.476600640000000000e+08 6.638576000000000000e+06 5.916656000000000000e+06 6.091760000000000000e+06 7.140848000000000000e+06 7.547000000000000000e+03 2.167600000000000000e+04 1.744600000000000000e+04 1.504400000000000000e+04 5.000000000000000000e-01 7.699999809265136719e-01 6.399999856948852539e-01 4.900000095367431641e-01
1.551308853000000000e+09 8.738329410000000000e+08 6.639088000000000000e+06 5.916656000000000000e+06 6.091248000000000000e+06 7.141360000000000000e+06 7.547000000000000000e+03 2.171700000000000000e+04 1.734000000000000000e+04 1.508400000000000000e+04 5.000000000000000000e-01 7.799999713897705078e-01 6.299999952316284180e-01 4.900000095367431641e-01
1.551308853000000000e+09 8.997969620000000000e+08 6.639600000000000000e+06 5.917168000000000000e+06 6.091760000000000000e+06 7.140848000000000000e+06 7.551000000000000000e+03 2.173400000000000000e+04 1.734000000000000000e+04 1.507000000000000000e+04 5.000000000000000000e-01 7.799999713897705078e-01 6.299999952316284180e-01 4.900000095367431641e-01
1.551308853000000000e+09 9.257400030000000000e+08 6.639088000000000000e+06 5.917168000000000000e+06 6.091760000000000000e+06 7.140848000000000000e+06 7.587000000000000000e+03 2.179900000000000000e+04 1.749100000000000000e+04 1.507000000000000000e+04 5.000000000000000000e-01 7.799999713897705078e-01 6.399999856948852539e-01 4.900000095367431641e-01
1.551308853000000000e+09 9.516971110000000000e+08 6.639088000000000000e+06 5.917168000000000000e+06 6.091248000000000000e+06 7.140336000000000000e+06 7.634000000000000000e+03 2.174500000000000000e+04 1.752200000000000000e+04 1.506400000000000000e+04 5.099999904632568359e-01 7.799999713897705078e-01 6.399999856948852539e-01 4.900000095367431641e-01
1.551308853000000000e+09 9.778048990000000000e+08 6.639600000000000000e+06 5.917168000000000000e+06 6.089712000000000000e+06 7.139824000000000000e+06 7.634000000000000000e+03 2.192700000000000000e+04 1.756500000000000000e+04 1.506600000000000000e+04 5.099999904632568359e-01 7.799999713897705078e-01 6.399999856948852539e-01 4.900000095367431641e-01
1.551308854000000000e+09 3.659963000000000000e+06 6.639088000000000000e+06 5.916656000000000000e+06 6.091760000000000000e+06 7.139312000000000000e+06 7.630000000000000000e+03 2.192700000000000000e+04 1.756500000000000000e+04 1.504900000000000000e+04 5.099999904632568359e-01 7.799999713897705078e-01 6.399999856948852539e-01 4.900000095367431641e-01
1.551308854000000000e+09 2.965593300000000000e+07 6.639600000000000000e+06 5.916656000000000000e+06 6.091760000000000000e+06 7.139312000000000000e+06 7.724000000000000000e+03 2.202300000000000000e+04 1.759100000000000000e+04 1.504200000000000000e+04 5.099999904632568359e-01 7.799999713897705078e-01 6.399999856948852539e-01 4.900000095367431641e-01
1.551308854000000000e+09 5.575609200000000000e+07 6.639600000000000000e+06 5.917168000000000000e+06 6.091760000000000000e+06 7.138800000000000000e+06 7.750000000000000000e+03 2.214800000000000000e+04 1.767100000000000000e+04 1.504200000000000000e+04 5.099999904632568359e-01 7.900000214576721191e-01 6.399999856948852539e-01 4.900000095367431641e-01
1.551308854000000000e+09 8.164405800000000000e+07 6.639088000000000000e+06 5.916144000000000000e+06 6.091760000000000000e+06 7.138800000000000000e+06 7.750000000000000000e+03 2.211200000000000000e+04 1.763700000000000000e+04 1.501400000000000000e+04 5.099999904632568359e-01 7.900000214576721191e-01 6.399999856948852539e-01 4.799999892711639404e-01
1.551308854000000000e+09 1.077239510000000000e+08 6.639088000000000000e+06 5.917680000000000000e+06 6.091760000000000000e+06 7.138288000000000000e+06 7.830000000000000000e+03 2.217800000000000000e+04 1.763700000000000000e+04 1.501700000000000000e+04 5.199999809265136719e-01 7.900000214576721191e-01 6.399999856948852539e-01 4.900000095367431641e-01
1.551308854000000000e+09 1.336989400000000000e+08 6.639600000000000000e+06 5.916656000000000000e+06 6.091760000000000000e+06 7.138800000000000000e+06 7.872000000000000000e+03 2.217800000000000000e+04 1.767200000000000000e+04 1.501200000000000000e+04 5.199999809265136719e-01 7.900000214576721191e-01 6.399999856948852539e-01 4.799999892711639404e-01
1.551308854000000000e+09 1.596560470000000000e+08 6.639088000000000000e+06 5.917168000000000000e+06 6.091760000000000000e+06 7.139824000000000000e+06 7.858000000000000000e+03 2.214900000000000000e+04 1.763500000000000000e+04 1.500200000000000000e+04 5.199999809265136719e-01 7.900000214576721191e-01 6.399999856948852539e-01 4.799999892711639404e-01
1.551308854000000000e+09 1.857399940000000000e+08 6.639088000000000000e+06 5.917168000000000000e+06 6.091248000000000000e+06 7.140336000000000000e+06 7.858000000000000000e+03 2.206800000000000000e+04 1.759300000000000000e+04 1.499600000000000000e+04 5.199999809265136719e-01 7.900000214576721191e-01 6.399999856948852539e-01 4.799999892711639404e-01
1.551308854000000000e+09 2.117619510000000000e+08 6.639600000000000000e+06 5.916656000000000000e+06 6.091248000000000000e+06 7.141360000000000000e+06 7.819000000000000000e+03 2.199100000000000000e+04 1.759300000000000000e+04 1.499600000000000000e+04 5.199999809265136719e-01 7.799999713897705078e-01 6.399999856948852539e-01 4.799999892711639404e-01
1.551308854000000000e+09 2.376699440000000000e+08 6.639600000000000000e+06 5.916656000000000000e+06 6.091248000000000000e+06 7.140336000000000000e+06 7.783000000000000000e+03 2.196700000000000000e+04 1.757200000000000000e+04 1.501400000000000000e+04 5.099999904632568359e-01 7.799999713897705078e-01 6.399999856948852539e-01 4.799999892711639404e-01
1.551308854000000000e+09 2.636880870000000000e+08 6.639088000000000000e+06 5.916656000000000000e+06 6.091760000000000000e+06 7.140336000000000000e+06 7.788000000000000000e+03 2.196700000000000000e+04 1.757700000000000000e+04 1.501200000000000000e+04 5.199999809265136719e-01 7.799999713897705078e-01 6.399999856948852539e-01 4.799999892711639404e-01
1.551308854000000000e+09 2.897629730000000000e+08 6.639600000000000000e+06 5.916656000000000000e+06 6.091248000000000000e+06 7.141360000000000000e+06 7.788000000000000000e+03 2.190400000000000000e+04 1.763600000000000000e+04 1.508100000000000000e+04 5.199999809265136719e-01 7.799999713897705078e-01 6.399999856948852539e-01 4.900000095367431641e-01
1.551308854000000000e+09 3.157000540000000000e+08 6.639600000000000000e+06 5.916144000000000000e+06 6.091248000000000000e+06 7.141872000000000000e+06 7.706000000000000000e+03 2.177400000000000000e+04 1.763600000000000000e+04 1.502600000000000000e+04 5.099999904632568359e-01 7.799999713897705078e-01 6.399999856948852539e-01 4.900000095367431641e-01
1.551308854000000000e+09 3.417189120000000000e+08 6.639088000000000000e+06 5.916656000000000000e+06 6.091248000000000000e+06 7.142384000000000000e+06 7.666000000000000000e+03 2.172900000000000000e+04 1.751000000000000000e+04 1.502600000000000000e+04 5.099999904632568359e-01 7.799999713897705078e-01 6.399999856948852539e-01 4.900000095367431641e-01
1.551308854000000000e+09 3.677549360000000000e+08 6.639088000000000000e+06 5.916656000000000000e+06 6.091248000000000000e+06 7.142384000000000000e+06 7.670000000000000000e+03 2.175400000000000000e+04 1.751900000000000000e+04 1.503900000000000000e+04 5.099999904632568359e-01 7.799999713897705078e-01 6.399999856948852539e-01 4.900000095367431641e-01
1.551308854000000000e+09 3.936760420000000000e+08 6.639600000000000000e+06 5.916656000000000000e+06 6.091760000000000000e+06 7.142896000000000000e+06 7.676000000000000000e+03 2.175400000000000000e+04 1.755100000000000000e+04 1.507700000000000000e+04 5.099999904632568359e-01 7.799999713897705078e-01 6.399999856948852539e-01 4.900000095367431641e-01
1.551308854000000000e+09 4.196200370000000000e+08 6.639600000000000000e+06 5.916656000000000000e+06 6.091248000000000000e+06 7.142384000000000000e+06 7.676000000000000000e+03 2.176400000000000000e+04 1.755100000000000000e+04 1.510000000000000000e+04 5.099999904632568359e-01 7.799999713897705078e-01 6.399999856948852539e-01 4.900000095367431641e-01
1.551308854000000000e+09 4.456319800000000000e+08 6.638576000000000000e+06 5.916656000000000000e+06 6.091248000000000000e+06 7.142896000000000000e+06 7.690000000000000000e+03 2.179500000000000000e+04 1.756500000000000000e+04 1.511300000000000000e+04 5.099999904632568359e-01 7.799999713897705078e-01 6.399999856948852539e-01 4.900000095367431641e-01
1.551308854000000000e+09 4.716351030000000000e+08 6.639088000000000000e+06 5.916656000000000000e+06 6.091248000000000000e+06 7.142896000000000000e+06 7.682000000000000000e+03 2.172800000000000000e+04 1.756700000000000000e+04 1.511300000000000000e+04 5.099999904632568359e-01 7.799999713897705078e-01 6.399999856948852539e-01 4.900000095367431641e-01
1.551308854000000000e+09 4.977140420000000000e+08 6.639600000000000000e+06 5.916656000000000000e+06 6.091760000000000000e+06 7.142896000000000000e+06 7.570000000000000000e+03 2.177100000000000000e+04 1.756400000000000000e+04 1.511900000000000000e+04 5.000000000000000000e-01 7.799999713897705078e-01 6.399999856948852539e-01 4.900000095367431641e-01
1.551308854000000000e+09 5.237560270000000000e+08 6.639600000000000000e+06 5.916656000000000000e+06 6.091248000000000000e+06 7.142896000000000000e+06 7.570000000000000000e+03 2.177100000000000000e+04 1.757400000000000000e+04 1.511600000000000000e+04 5.000000000000000000e-01 7.799999713897705078e-01 6.399999856948852539e-01 4.900000095367431641e-01
1.551308854000000000e+09 5.497379300000000000e+08 6.639600000000000000e+06 5.916656000000000000e+06 6.091248000000000000e+06 7.143408000000000000e+06 7.687000000000000000e+03 2.177800000000000000e+04 1.757400000000000000e+04 1.513400000000000000e+04 5.099999904632568359e-01 7.799999713897705078e-01 6.399999856948852539e-01 4.900000095367431641e-01
1.551308854000000000e+09 5.757949350000000000e+08 6.639600000000000000e+06 5.916656000000000000e+06 6.091248000000000000e+06 7.142896000000000000e+06 7.683000000000000000e+03 2.176800000000000000e+04 1.763300000000000000e+04 1.513700000000000000e+04 5.099999904632568359e-01 7.799999713897705078e-01 6.399999856948852539e-01 4.900000095367431641e-01
1.551308854000000000e+09 6.016778940000000000e+08 6.639600000000000000e+06 5.916656000000000000e+06 6.091248000000000000e+06 7.141872000000000000e+06 7.704000000000000000e+03 2.178000000000000000e+04 1.757100000000000000e+04 1.510600000000000000e+04 5.099999904632568359e-01 7.799999713897705078e-01 6.399999856948852539e-01 4.900000095367431641e-01
1.551308854000000000e+09 6.276259420000000000e+08 6.640112000000000000e+06 5.917168000000000000e+06 6.091248000000000000e+06 7.141872000000000000e+06 7.704000000000000000e+03 2.175600000000000000e+04 1.756600000000000000e+04 1.510600000000000000e+04 5.099999904632568359e-01 7.799999713897705078e-01 6.399999856948852539e-01 4.900000095367431641e-01
1.551308854000000000e+09 6.538031100000000000e+08 6.639600000000000000e+06 5.917168000000000000e+06 6.091760000000000000e+06 7.142384000000000000e+06 7.698000000000000000e+03 2.175600000000000000e+04 1.756600000000000000e+04 1.510400000000000000e+04 5.099999904632568359e-01 7.799999713897705078e-01 6.399999856948852539e-01 4.900000095367431641e-01
1.551308854000000000e+09 6.796820160000000000e+08 6.639088000000000000e+06 5.916656000000000000e+06 6.090736000000000000e+06 7.142384000000000000e+06 7.679000000000000000e+03 2.174200000000000000e+04 1.753800000000000000e+04 1.510200000000000000e+04 5.099999904632568359e-01 7.799999713897705078e-01 6.399999856948852539e-01 4.900000095367431641e-01
1.551308854000000000e+09 7.057859890000000000e+08 6.639600000000000000e+06 5.916144000000000000e+06 6.091760000000000000e+06 7.142384000000000000e+06 7.669000000000000000e+03 2.171600000000000000e+04 1.757500000000000000e+04 1.505700000000000000e+04 5.099999904632568359e-01 7.799999713897705078e-01 6.399999856948852539e-01 4.900000095367431641e-01
1.551308854000000000e+09 7.317230700000000000e+08 6.639600000000000000e+06 5.916656000000000000e+06 6.091760000000000000e+06 7.142896000000000000e+06 7.669000000000000000e+03 2.168000000000000000e+04 1.749500000000000000e+04 1.506400000000000000e+04 5.099999904632568359e-01 7.699999809265136719e-01 6.399999856948852539e-01 4.900000095367431641e-01
1.551308854000000000e+09 7.576870910000000000e+08 6.639088000000000000e+06 5.916656000000000000e+06 6.091248000000000000e+06 7.141360000000000000e+06 7.652000000000000000e+03 2.165700000000000000e+04 1.749500000000000000e+04 1.506400000000000000e+04 5.099999904632568359e-01 7.699999809265136719e-01 6.399999856948852539e-01 4.900000095367431641e-01
1.551308854000000000e+09 7.836749550000000000e+08 6.639600000000000000e+06 5.916656000000000000e+06 6.091248000000000000e+06 7.141872000000000000e+06 7.654000000000000000e+03 2.165700000000000000e+04 1.747100000000000000e+04 1.503700000000000000e+04 5.099999904632568359e-01 7.699999809265136719e-01 6.399999856948852539e-01 4.900000095367431641e-01
1.551308854000000000e+09 8.096089360000000000e+08 6.639600000000000000e+06 5.916656000000000000e+06 6.090736000000000000e+06 7.140848000000000000e+06 7.665000000000000000e+03 2.164100000000000000e+04 1.747500000000000000e+04 1.504600000000000000e+04 5.099999904632568359e-01 7.699999809265136719e-01 6.399999856948852539e-01 4.900000095367431641e-01
1.551308854000000000e+09 8.358240120000000000e+08 6.639600000000000000e+06 5.916656000000000000e+06 6.091760000000000000e+06 7.141360000000000000e+06 7.665000000000000000e+03 2.170800000000000000e+04 1.750200000000000000e+04 1.503200000000000000e+04 5.099999904632568359e-01 7.699999809265136719e-01 6.399999856948852539e-01 4.900000095367431641e-01
1.551308854000000000e+09 8.616631030000000000e+08 6.639600000000000000e+06 5.917168000000000000e+06 6.091760000000000000e+06 7.141360000000000000e+06 7.699000000000000000e+03 2.176400000000000000e+04 1.750200000000000000e+04 1.503900000000000000e+04 5.099999904632568359e-01 7.799999713897705078e-01 6.399999856948852539e-01 4.900000095367431641e-01
1.551308854000000000e+09 8.877799510000000000e+08 6.640112000000000000e+06 5.916656000000000000e+06 6.091248000000000000e+06 7.141360000000000000e+06 7.714000000000000000e+03 2.178000000000000000e+04 1.753200000000000000e+04 1.505400000000000000e+04 5.099999904632568359e-01 7.799999713897705078e-01 6.399999856948852539e-01 4.900000095367431641e-01
1.551308854000000000e+09 9.137101170000000000e+08 6.639088000000000000e+06 5.917168000000000000e+06 6.090736000000000000e+06 7.141360000000000000e+06 7.725000000000000000e+03 2.178000000000000000e+04 1.752800000000000000e+04 1.505400000000000000e+04 5.099999904632568359e-01 7.799999713897705078e-01 6.399999856948852539e-01 4.900000095367431641e-01
1.551308854000000000e+09 9.396209710000000000e+08 6.639600000000000000e+06 5.917168000000000000e+06 6.091248000000000000e+06 7.141360000000000000e+06 7.725000000000000000e+03 2.179500000000000000e+04 1.752800000000000000e+04 1.506700000000000000e+04 5.099999904632568359e-01 7.799999713897705078e-01 6.399999856948852539e-01 4.900000095367431641e-01
1.551308854000000000e+09 9.671759600000000000e+08 6.639088000000000000e+06 5.916656000000000000e+06 6.091248000000000000e+06 7.141360000000000000e+06 7.733000000000000000e+03 2.182000000000000000e+04 1.752800000000000000e+04 1.505700000000000000e+04 5.099999904632568359e-01 7.799999713897705078e-01 6.399999856948852539e-01 4.900000095367431641e-01
1.551308854000000000e+09 9.935910700000000000e+08 6.639088000000000000e+06 5.917168000000000000e+06 6.091248000000000000e+06 7.141360000000000000e+06 7.731000000000000000e+03 2.181800000000000000e+04 1.752900000000000000e+04 1.507000000000000000e+04 5.099999904632568359e-01 7.799999713897705078e-01 6.399999856948852539e-01 4.900000095367431641e-01
1.551308855000000000e+09 1.979589400000000000e+07 6.639088000000000000e+06 5.916656000000000000e+06 6.091248000000000000e+06 7.141360000000000000e+06 7.729000000000000000e+03 2.183800000000000000e+04 1.752400000000000000e+04 1.506300000000000000e+04 5.099999904632568359e-01 7.799999713897705078e-01 6.399999856948852539e-01 4.900000095367431641e-01
1.551308855000000000e+09 4.568791300000000000e+07 6.639088000000000000e+06 5.917680000000000000e+06 6.091760000000000000e+06 7.141872000000000000e+06 7.729000000000000000e+03 2.183800000000000000e+04 1.750500000000000000e+04 1.506300000000000000e+04 5.099999904632568359e-01 7.799999713897705078e-01 6.399999856948852539e-01 4.900000095367431641e-01
1.551308855000000000e+09 7.240200000000000000e+07 6.639600000000000000e+06 5.917168000000000000e+06 6.091248000000000000e+06 7.142896000000000000e+06 7.698000000000000000e+03 2.173500000000000000e+04 1.750500000000000000e+04 1.507500000000000000e+04 5.099999904632568359e-01 7.799999713897705078e-01 6.399999856948852539e-01 4.900000095367431641e-01
1.551308855000000000e+09 9.865903800000000000e+07 6.639088000000000000e+06 5.917168000000000000e+06 6.091248000000000000e+06 7.142384000000000000e+06 7.703000000000000000e+03 2.161800000000000000e+04 1.754000000000000000e+04 1.508500000000000000e+04 5.099999904632568359e-01 7.699999809265136719e-01 6.399999856948852539e-01 4.900000095367431641e-01
1.551308855000000000e+09 1.245839590000000000e+08 6.639088000000000000e+06 5.916656000000000000e+06 6.091248000000000000e+06 7.141872000000000000e+06 7.708000000000000000e+03 2.173400000000000000e+04 1.750100000000000000e+04 1.505700000000000000e+04 5.099999904632568359e-01 7.799999713897705078e-01 6.399999856948852539e-01 4.900000095367431641e-01
1.551308855000000000e+09 1.506679050000000000e+08 6.639088000000000000e+06 5.917168000000000000e+06 6.091760000000000000e+06 7.142384000000000000e+06 7.708000000000000000e+03 2.174400000000000000e+04 1.744200000000000000e+04 1.509600000000000000e+04 5.099999904632568359e-01 7.799999713897705078e-01 6.399999856948852539e-01 4.900000095367431641e-01
1.551308855000000000e+09 1.765758990000000000e+08 6.639088000000000000e+06 5.917168000000000000e+06 6.091760000000000000e+06 7.141872000000000000e+06 7.737000000000000000e+03 2.178800000000000000e+04 1.744200000000000000e+04 1.508500000000000000e+04 5.099999904632568359e-01 7.799999713897705078e-01 6.399999856948852539e-01 4.900000095367431641e-01
1.551308855000000000e+09 2.026560300000000000e+08 6.639088000000000000e+06 5.917168000000000000e+06 6.091760000000000000e+06 7.142384000000000000e+06 7.756000000000000000e+03 2.178800000000000000e+04 1.754700000000000000e+04 1.508500000000000000e+04 5.099999904632568359e-01 7.799999713897705078e-01 6.399999856948852539e-01 4.900000095367431641e-01
1.551308855000000000e+09 2.285881040000000000e+08 6.639088000000000000e+06 5.917680000000000000e+06 6.091760000000000000e+06 7.141872000000000000e+06 7.762000000000000000e+03 2.177600000000000000e+04 1.752300000000000000e+04 1.507600000000000000e+04 5.099999904632568359e-01 7.799999713897705078e-01 6.399999856948852539e-01 4.900000095367431641e-01
1.551308855000000000e+09 2.546510690000000000e+08 6.639088000000000000e+06 5.917168000000000000e+06 6.091248000000000000e+06 7.141360000000000000e+06 7.762000000000000000e+03 2.177400000000000000e+04 1.751300000000000000e+04 1.506600000000000000e+04 5.099999904632568359e-01 7.799999713897705078e-01 6.399999856948852539e-01 4.900000095367431641e-01
1.551308855000000000e+09 2.809081070000000000e+08 6.639088000000000000e+06 5.915632000000000000e+06 6.091248000000000000e+06 7.141360000000000000e+06 7.750000000000000000e+03 2.174200000000000000e+04 1.751300000000000000e+04 1.506300000000000000e+04 5.099999904632568359e-01 7.799999713897705078e-01 6.399999856948852539e-01 4.900000095367431641e-01
1.551308855000000000e+09 3.066530220000000000e+08 6.639088000000000000e+06 5.917168000000000000e+06 6.091248000000000000e+06 7.140848000000000000e+06 7.721000000000000000e+03 2.169300000000000000e+04 1.749400000000000000e+04 1.507900000000000000e+04 5.099999904632568359e-01 7.699999809265136719e-01 6.399999856948852539e-01 4.900000095367431641e-01
1.551308855000000000e+09 3.326439850000000000e+08 6.639088000000000000e+06 5.917168000000000000e+06 6.091248000000000000e+06 7.140848000000000000e+06 7.715000000000000000e+03 2.169300000000000000e+04 1.745700000000000000e+04 1.507900000000000000e+04 5.099999904632568359e-01 7.699999809265136719e-01 6.399999856948852539e-01 4.900000095367431641e-01
1.551308855000000000e+09 3.586270800000000000e+08 6.639600000000000000e+06 5.917168000000000000e+06 6.091248000000000000e+06 7.141360000000000000e+06 7.715000000000000000e+03 2.164800000000000000e+04 1.743000000000000000e+04 1.506200000000000000e+04 5.099999904632568359e-01 7.699999809265136719e-01 6.399999856948852539e-01 4.900000095367431641e-01
1.551308855000000000e+09 3.845798960000000000e+08 6.638576000000000000e+06 5.917168000000000000e+06 6.091248000000000000e+06 7.141360000000000000e+06 7.676000000000000000e+03 2.155700000000000000e+04 1.743000000000000000e+04 1.507800000000000000e+04 5.099999904632568359e-01 7.699999809265136719e-01 6.399999856948852539e-01 4.900000095367431641e-01
1.551308855000000000e+09 4.106459610000000000e+08 6.639088000000000000e+06 5.918192000000000000e+06 6.091248000000000000e+06 7.141360000000000000e+06 7.691000000000000000e+03 2.162800000000000000e+04 1.744800000000000000e+04 1.508100000000000000e+04 5.099999904632568359e-01 7.699999809265136719e-01 6.399999856948852539e-01 4.900000095367431641e-01
1.551308855000000000e+09 4.366359710000000000e+08 6.639600000000000000e+06 5.917680000000000000e+06 6.091248000000000000e+06 7.141360000000000000e+06 7.723000000000000000e+03 2.170700000000000000e+04 1.749000000000000000e+04 1.510200000000000000e+04 5.099999904632568359e-01 7.699999809265136719e-01 6.399999856948852539e-01 4.900000095367431641e-01
1.551308855000000000e+09 4.625720970000000000e+08 6.639600000000000000e+06 5.917168000000000000e+06 6.092784000000000000e+06 7.140848000000000000e+06 7.723000000000000000e+03 2.170700000000000000e+04 1.749900000000000000e+04 1.510200000000000000e+04 5.099999904632568359e-01 7.699999809265136719e-01 6.399999856948852539e-01 4.900000095367431641e-01
1.551308855000000000e+09 4.887440200000000000e+08 6.639600000000000000e+06 5.917168000000000000e+06 6.091248000000000000e+06 7.140336000000000000e+06 7.763000000000000000e+03 2.176700000000000000e+04 1.749900000000000000e+04 1.509300000000000000e+04 5.099999904632568359e-01 7.799999713897705078e-01 6.399999856948852539e-01 4.900000095367431641e-01
1.551308855000000000e+09 5.146241180000000000e+08 6.639600000000000000e+06 5.917680000000000000e+06 6.091248000000000000e+06 7.141360000000000000e+06 7.791000000000000000e+03 2.180100000000000000e+04 1.750700000000000000e+04 1.509700000000000000e+04 5.199999809265136719e-01 7.799999713897705078e-01 6.399999856948852539e-01 4.900000095367431641e-01
1.551308855000000000e+09 5.406210420000000000e+08 6.639088000000000000e+06 5.917168000000000000e+06 6.091760000000000000e+06 7.141872000000000000e+06 7.890000000000000000e+03 2.188400000000000000e+04 1.751600000000000000e+04 1.508600000000000000e+04 5.199999809265136719e-01 7.799999713897705078e-01 6.399999856948852539e-01 4.900000095367431641e-01
1.551308855000000000e+09 5.666151040000000000e+08 6.639600000000000000e+06 5.917168000000000000e+06 6.091760000000000000e+06 7.143408000000000000e+06 7.890000000000000000e+03 2.173200000000000000e+04 1.750500000000000000e+04 1.513300000000000000e+04 5.199999809265136719e-01 7.799999713897705078e-01 6.399999856948852539e-01 4.900000095367431641e-01
1.551308855000000000e+09 5.925838940000000000e+08 6.639088000000000000e+06 5.917680000000000000e+06 6.091760000000000000e+06 7.142896000000000000e+06 7.742000000000000000e+03 2.173200000000000000e+04 1.750500000000000000e+04 1.510300000000000000e+04 5.099999904632568359e-01 7.799999713897705078e-01 6.399999856948852539e-01 4.900000095367431641e-01
1.551308855000000000e+09 6.185719960000000000e+08 6.639088000000000000e+06 5.917680000000000000e+06 6.091760000000000000e+06 7.143408000000000000e+06 7.738000000000000000e+03 2.153300000000000000e+04 1.749700000000000000e+04 1.510300000000000000e+04 5.099999904632568359e-01 7.699999809265136719e-01 6.399999856948852539e-01 4.900000095367431641e-01
1.551308855000000000e+09 6.448209280000000000e+08 6.638576000000000000e+06 5.917168000000000000e+06 6.091248000000000000e+06 7.142896000000000000e+06 7.759000000000000000e+03 2.173000000000000000e+04 1.748400000000000000e+04 1.511100000000000000e+04 5.099999904632568359e-01 7.799999713897705078e-01 6.399999856948852539e-01 4.900000095367431641e-01
1.551308855000000000e+09 6.706631180000000000e+08 6.639600000000000000e+06 5.917168000000000000e+06 6.091248000000000000e+06 7.143408000000000000e+06 7.777000000000000000e+03 2.179200000000000000e+04 1.758300000000000000e+04 1.513400000000000000e+04 5.099999904632568359e-01 7.799999713897705078e-01 6.399999856948852539e-01 4.900000095367431641e-01
1.551308855000000000e+09 6.966130730000000000e+08 6.639088000000000000e+06 5.917168000000000000e+06 6.091760000000000000e+06 7.143920000000000000e+06 7.777000000000000000e+03 2.181000000000000000e+04 1.758300000000000000e+04 1.518200000000000000e+04 5.099999904632568359e-01 7.799999713897705078e-01 6.399999856948852539e-01 4.900000095367431641e-01
1.551308855000000000e+09 7.225348940000000000e+08 6.639600000000000000e+06 5.917168000000000000e+06 6.091760000000000000e+06 7.145456000000000000e+06 7.788000000000000000e+03 2.181000000000000000e+04 1.761100000000000000e+04 1.521100000000000000e+04 5.199999809265136719e-01 7.799999713897705078e-01 6.399999856948852539e-01 4.900000095367431641e-01
1.551308855000000000e+09 7.485599510000000000e+08 6.639088000000000000e+06 5.917168000000000000e+06 6.091248000000000000e+06 7.144432000000000000e+06 7.763000000000000000e+03 2.181000000000000000e+04 1.762100000000000000e+04 1.521100000000000000e+04 5.099999904632568359e-01 7.799999713897705078e-01 6.399999856948852539e-01 4.900000095367431641e-01
1.551308855000000000e+09 7.745420930000000000e+08 6.639088000000000000e+06 5.917168000000000000e+06 6.091248000000000000e+06 7.144432000000000000e+06 7.769000000000000000e+03 2.177700000000000000e+04 1.760300000000000000e+04 1.522600000000000000e+04 5.099999904632568359e-01 7.799999713897705078e-01 6.399999856948852539e-01 4.900000095367431641e-01
1.551308855000000000e+09 8.005919450000000000e+08 6.639600000000000000e+06 5.917168000000000000e+06 6.091248000000000000e+06 7.145456000000000000e+06 7.769000000000000000e+03 2.178400000000000000e+04 1.760300000000000000e+04 1.523500000000000000e+04 5.099999904632568359e-01 7.799999713897705078e-01 6.399999856948852539e-01 4.900000095367431641e-01
1.551308855000000000e+09 8.265910140000000000e+08 6.639088000000000000e+06 5.917168000000000000e+06 6.091248000000000000e+06 7.146992000000000000e+06 7.755000000000000000e+03 2.179500000000000000e+04 1.763700000000000000e+04 1.530500000000000000e+04 5.099999904632568359e-01 7.799999713897705078e-01 6.399999856948852539e-01 4.900000095367431641e-01
1.551308855000000000e+09 8.526101110000000000e+08 6.639600000000000000e+06 5.917168000000000000e+06 6.091760000000000000e+06 7.148016000000000000e+06 7.766000000000000000e+03 2.179500000000000000e+04 1.770700000000000000e+04 1.538200000000000000e+04 5.099999904632568359e-01 7.799999713897705078e-01 6.499999761581420898e-01 5.000000000000000000e-01
1.551308855000000000e+09 8.789360520000000000e+08 6.639088000000000000e+06 5.917680000000000000e+06 6.091760000000000000e+06 7.149040000000000000e+06 7.788000000000000000e+03 2.184200000000000000e+04 1.775800000000000000e+04 1.542600000000000000e+04 5.199999809265136719e-01 7.799999713897705078e-01 6.499999761581420898e-01 5.000000000000000000e-01
1.551308855000000000e+09 9.046659460000000000e+08 6.639600000000000000e+06 5.916656000000000000e+06 6.091760000000000000e+06 7.150576000000000000e+06 7.788000000000000000e+03 2.188000000000000000e+04 1.775800000000000000e+04 1.542600000000000000e+04 5.199999809265136719e-01 7.799999713897705078e-01 6.499999761581420898e-01 5.000000000000000000e-01
1.551308855000000000e+09 9.305560580000000000e+08 6.639088000000000000e+06 5.917168000000000000e+06 6.091760000000000000e+06 7.153648000000000000e+06 7.765000000000000000e+03 2.186700000000000000e+04 1.784200000000000000e+04 1.555800000000000000e+04 5.099999904632568359e-01 7.799999713897705078e-01 6.499999761581420898e-01 5.000000000000000000e-01
1.551308855000000000e+09 9.565660950000000000e+08 6.639600000000000000e+06 5.917680000000000000e+06 6.091760000000000000e+06 7.156720000000000000e+06 7.743000000000000000e+03 2.186300000000000000e+04 1.793400000000000000e+04 1.574200000000000000e+04 5.099999904632568359e-01 7.799999713897705078e-01 6.499999761581420898e-01 5.099999904632568359e-01
1.551308855000000000e+09 9.825570580000000000e+08 6.639600000000000000e+06 5.917168000000000000e+06 6.091760000000000000e+06 7.159792000000000000e+06 7.699000000000000000e+03 2.186300000000000000e+04 1.812200000000000000e+04 1.600400000000000000e+04 5.099999904632568359e-01 7.799999713897705078e-01 6.600000262260437012e-01 5.099999904632568359e-01
1.551308856000000000e+09 8.528947000000000000e+06 6.639088000000000000e+06 5.916656000000000000e+06 6.092272000000000000e+06 7.161328000000000000e+06 7.699000000000000000e+03 2.184000000000000000e+04 1.804900000000000000e+04 1.618600000000000000e+04 5.099999904632568359e-01 7.799999713897705078e-01 6.600000262260437012e-01 5.199999809265136719e-01
1.551308856000000000e+09 3.459095900000000000e+07 6.639600000000000000e+06 5.916656000000000000e+06 6.091760000000000000e+06 7.164912000000000000e+06 7.628000000000000000e+03 2.174200000000000000e+04 1.804900000000000000e+04 1.618600000000000000e+04 5.099999904632568359e-01 7.799999713897705078e-01 6.600000262260437012e-01 5.199999809265136719e-01
1.551308856000000000e+09 6.067299800000000000e+07 6.639088000000000000e+06 5.916656000000000000e+06 6.092272000000000000e+06 7.168496000000000000e+06 7.594000000000000000e+03 2.163100000000000000e+04 1.808900000000000000e+04 1.642900000000000000e+04 5.000000000000000000e-01 7.699999809265136719e-01 6.600000262260437012e-01 5.299999713897705078e-01
1.551308856000000000e+09 8.664894100000000000e+07 6.639088000000000000e+06 5.916656000000000000e+06 6.092272000000000000e+06 7.172592000000000000e+06 7.409000000000000000e+03 2.149300000000000000e+04 1.809500000000000000e+04 1.667300000000000000e+04 4.900000095367431641e-01 7.699999809265136719e-01 6.600000262260437012e-01 5.299999713897705078e-01
1.551308856000000000e+09 1.126010410000000000e+08 6.639088000000000000e+06 5.916656000000000000e+06 6.091760000000000000e+06 7.174640000000000000e+06 7.409000000000000000e+03 2.149300000000000000e+04 1.810900000000000000e+04 1.689400000000000000e+04 4.900000095367431641e-01 7.699999809265136719e-01 6.600000262260437012e-01 5.400000214576721191e-01
1.551308856000000000e+09 1.387419700000000000e+08 6.639088000000000000e+06 5.916144000000000000e+06 6.092272000000000000e+06 7.177200000000000000e+06 7.353000000000000000e+03 2.127400000000000000e+04 1.810900000000000000e+04 1.720500000000000000e+04 4.900000095367431641e-01 7.599999904632568359e-01 6.600000262260437012e-01 5.500000119209289551e-01
1.551308856000000000e+09 1.476778980000000000e+08 6.639088000000000000e+06 5.916144000000000000e+06 6.092272000000000000e+06 7.177200000000000000e+06 7.322000000000000000e+03 2.136600000000000000e+04 1.807400000000000000e+04 1.734600000000000000e+04 4.900000095367431641e-01 7.599999904632568359e-01 6.600000262260437012e-01 5.500000119209289551e-01
1.551308856000000000e+09 1.515870090000000000e+08 6.639600000000000000e+06 5.916144000000000000e+06 6.092272000000000000e+06 7.178224000000000000e+06 7.389000000000000000e+03 2.154900000000000000e+04 1.824300000000000000e+04 1.734600000000000000e+04 4.900000095367431641e-01 7.699999809265136719e-01 6.600000262260437012e-01 5.500000119209289551e-01
1.551308856000000000e+09 1.553850170000000000e+08 6.639088000000000000e+06 5.916144000000000000e+06 6.092272000000000000e+06 7.179760000000000000e+06 7.389000000000000000e+03 2.164500000000000000e+04 1.833200000000000000e+04 1.747500000000000000e+04 4.900000095367431641e-01 7.699999809265136719e-01 6.700000166893005371e-01 5.600000023841857910e-01
1.551308856000000000e+09 1.584930410000000000e+08 6.639088000000000000e+06 5.916144000000000000e+06 6.092272000000000000e+06 7.180272000000000000e+06 7.413000000000000000e+03 2.164500000000000000e+04 1.833200000000000000e+04 1.757400000000000000e+04 4.900000095367431641e-01 7.699999809265136719e-01 6.700000166893005371e-01 5.600000023841857910e-01
1.551308856000000000e+09 1.615939140000000000e+08 6.639600000000000000e+06 5.916144000000000000e+06 6.092272000000000000e+06 7.182832000000000000e+06 7.373000000000000000e+03 2.166400000000000000e+04 1.835500000000000000e+04 1.778400000000000000e+04 4.900000095367431641e-01 7.699999809265136719e-01 6.700000166893005371e-01 5.699999928474426270e-01
1.551308856000000000e+09 1.647009840000000000e+08 6.639600000000000000e+06 5.916144000000000000e+06 6.092272000000000000e+06 7.183344000000000000e+06 7.316000000000000000e+03 2.156300000000000000e+04 1.832800000000000000e+04 1.798200000000000000e+04 4.900000095367431641e-01 7.699999809265136719e-01 6.700000166893005371e-01 5.699999928474426270e-01
1.551308856000000000e+09 1.677219860000000000e+08 6.639600000000000000e+06 5.916144000000000000e+06 6.092272000000000000e+06 7.180272000000000000e+06 7.316000000000000000e+03 2.151100000000000000e+04 1.829800000000000000e+04 1.798200000000000000e+04 4.900000095367431641e-01 7.699999809265136719e-01 6.600000262260437012e-01 5.699999928474426270e-01
1.551308856000000000e+09 1.708950990000000000e+08 6.639088000000000000e+06 5.914096000000000000e+06 6.091760000000000000e+06 7.179248000000000000e+06 7.308000000000000000e+03 2.149100000000000000e+04 1.829800000000000000e+04 1.800500000000000000e+04 4.900000095367431641e-01 7.699999809265136719e-01 6.600000262260437012e-01 5.699999928474426270e-01
