0.000000000000000000e+00 0.000000000000000000e+00 0.000000000000000000e+00 0.000000000000000000e+00 0.000000000000000000e+00 0.000000000000000000e+00 0.000000000000000000e+00 0.000000000000000000e+00 0.000000000000000000e+00 0.000000000000000000e+00 0.000000000000000000e+00 0.000000000000000000e+00 0.000000000000000000e+00 0.000000000000000000e+00
1.551310310000000000e+09 4.463779920000000000e+08 6.642672000000000000e+06 5.917680000000000000e+06 6.092784000000000000e+06 7.183344000000000000e+06 4.355000000000000000e+03 7.982000000000000000e+03 9.954000000000000000e+03 1.302700000000000000e+04 3.199999928474426270e-01 3.300000131130218506e-01 3.799999952316284180e-01 4.300000071525573730e-01
1.551310310000000000e+09 5.503129950000000000e+08 6.642672000000000000e+06 5.918704000000000000e+06 6.092784000000000000e+06 7.183344000000000000e+06 4.350000000000000000e+03 7.978000000000000000e+03 9.952000000000000000e+03 1.301900000000000000e+04 3.199999928474426270e-01 3.300000131130218506e-01 3.799999952316284180e-01 4.300000071525573730e-01
1.551310310000000000e+09 6.541559690000000000e+08 6.642672000000000000e+06 5.918192000000000000e+06 6.092272000000000000e+06 7.182832000000000000e+06 4.352000000000000000e+03 7.976000000000000000e+03 9.952000000000000000e+03 1.301700000000000000e+04 3.199999928474426270e-01 3.300000131130218506e-01 3.799999952316284180e-01 4.300000071525573730e-01
1.551310310000000000e+09 7.581310270000000000e+08 6.643184000000000000e+06 5.918192000000000000e+06 6.092784000000000000e+06 7.183344000000000000e+06 4.368000000000000000e+03 7.987000000000000000e+03 9.955000000000000000e+03 1.303700000000000000e+04 3.199999928474426270e-01 3.300000131130218506e-01 3.799999952316284180e-01 4.300000071525573730e-01
1.551310310000000000e+09 8.625419130000000000e+08 6.643184000000000000e+06 5.918704000000000000e+06 6.092784000000000000e+06 7.183344000000000000e+06 4.368000000000000000e+03 7.987000000000000000e+03 9.948000000000000000e+03 1.303700000000000000e+04 3.199999928474426270e-01 3.300000131130218506e-01 3.799999952316284180e-01 4.300000071525573730e-01
1.551310310000000000e+09 9.670889370000000000e+08 6.642672000000000000e+06 5.918704000000000000e+06 6.092784000000000000e+06 7.183344000000000000e+06 4.365000000000000000e+03 7.976000000000000000e+03 9.952000000000000000e+03 1.304500000000000000e+04 3.199999928474426270e-01 3.300000131130218506e-01 3.799999952316284180e-01 4.300000071525573730e-01
1.551310311000000000e+09 7.108998200000000000e+07 6.643184000000000000e+06 5.918192000000000000e+06 6.093296000000000000e+06 7.183344000000000000e+06 4.378000000000000000e+03 7.986000000000000000e+03 9.952000000000000000e+03 1.302200000000000000e+04 3.199999928474426270e-01 3.300000131130218506e-01 3.799999952316284180e-01 4.300000071525573730e-01
1.551310311000000000e+09 1.750879280000000000e+08 6.642672000000000000e+06 5.917680000000000000e+06 6.093296000000000000e+06 7.182832000000000000e+06 4.410000000000000000e+03 7.993000000000000000e+03 9.956000000000000000e+03 1.301200000000000000e+04 3.199999928474426270e-01 3.300000131130218506e-01 3.799999952316284180e-01 4.300000071525573730e-01
1.551310311000000000e+09 2.791790960000000000e+08 6.642672000000000000e+06 5.918192000000000000e+06 6.092272000000000000e+06 7.183344000000000000e+06 4.410000000000000000e+03 8.019000000000000000e+03 9.958000000000000000e+03 1.303800000000000000e+04 3.199999928474426270e-01 3.300000131130218506e-01 3.799999952316284180e-01 4.300000071525573730e-01
1.551310311000000000e+09 3.831100460000000000e+08 6.643184000000000000e+06 5.918192000000000000e+06 6.092784000000000000e+06 7.183344000000000000e+06 4.474000000000000000e+03 8.019000000000000000e+03 9.958000000000000000e+03 1.303800000000000000e+04 3.199999928474426270e-01 3.300000131130218506e-01 3.799999952316284180e-01 4.300000071525573730e-01
1.551310311000000000e+09 4.870910640000000000e+08 6.642672000000000000e+06 5.918192000000000000e+06 6.092272000000000000e+06 7.182832000000000000e+06 4.613000000000000000e+03 8.004000000000000000e+03 1.000600000000000000e+04 1.304200000000000000e+04 3.300000131130218506e-01 3.300000131130218506e-01 3.899999856948852539e-01 4.300000071525573730e-01
1.551310311000000000e+09 5.911550520000000000e+08 6.642672000000000000e+06 5.918192000000000000e+06 6.092784000000000000e+06 7.183344000000000000e+06 4.979000000000000000e+03 8.031000000000000000e+03 9.966000000000000000e+03 1.304500000000000000e+04 3.499999940395355225e-01 3.300000131130218506e-01 3.799999952316284180e-01 4.300000071525573730e-01
1.551310311000000000e+09 6.950790880000000000e+08 6.642672000000000000e+06 5.918192000000000000e+06 6.093296000000000000e+06 7.183344000000000000e+06 4.979000000000000000e+03 8.065000000000000000e+03 1.002400000000000000e+04 1.304800000000000000e+04 3.499999940395355225e-01 3.300000131130218506e-01 3.899999856948852539e-01 4.300000071525573730e-01
1.551310311000000000e+09 7.990729800000000000e+08 6.642672000000000000e+06 5.918192000000000000e+06 6.092272000000000000e+06 7.182832000000000000e+06 6.370000000000000000e+03 8.153000000000000000e+03 1.002400000000000000e+04 1.306000000000000000e+04 4.300000071525573730e-01 3.300000131130218506e-01 3.899999856948852539e-01 4.300000071525573730e-01
1.551310311000000000e+09 9.031240940000000000e+08 6.645232000000000000e+06 5.918192000000000000e+06 6.092272000000000000e+06 7.183344000000000000e+06 9.620000000000000000e+03 8.153000000000000000e+03 1.008400000000000000e+04 1.307700000000000000e+04 6.200000047683715820e-01 3.300000131130218506e-01 3.899999856948852539e-01 4.300000071525573730e-01
1.551310311000000000e+09 9.809958930000000000e+08 6.647280000000000000e+06 5.918704000000000000e+06 6.092784000000000000e+06 7.183344000000000000e+06 1.042200000000000000e+04 8.253000000000000000e+03 1.017400000000000000e+04 1.307700000000000000e+04 6.700000166893005371e-01 3.300000131130218506e-01 3.899999856948852539e-01 4.300000071525573730e-01
1.551310312000000000e+09 6.036591500000000000e+07 6.646768000000000000e+06 5.918704000000000000e+06 6.092784000000000000e+06 7.183344000000000000e+06 1.042200000000000000e+04 8.408000000000000000e+03 1.035100000000000000e+04 1.309500000000000000e+04 6.700000166893005371e-01 3.400000035762786865e-01 4.000000059604644775e-01 4.300000071525573730e-01
1.551310312000000000e+09 1.380701060000000000e+08 6.646768000000000000e+06 5.918704000000000000e+06 6.092784000000000000e+06 7.183344000000000000e+06 1.053500000000000000e+04 8.753000000000000000e+03 1.035100000000000000e+04 1.312400000000000000e+04 6.700000166893005371e-01 3.499999940395355225e-01 4.000000059604644775e-01 4.300000071525573730e-01
1.551310312000000000e+09 2.159829130000000000e+08 6.646768000000000000e+06 5.918704000000000000e+06 6.092784000000000000e+06 7.182832000000000000e+06 1.115200000000000000e+04 9.595000000000000000e+03 1.086000000000000000e+04 1.316900000000000000e+04 7.099999785423278809e-01 3.700000047683715820e-01 4.199999868869781494e-01 4.300000071525573730e-01
1.551310312000000000e+09 2.940430640000000000e+08 6.647792000000000000e+06 5.918192000000000000e+06 6.092784000000000000e+06 7.183856000000000000e+06 1.134600000000000000e+04 9.595000000000000000e+03 1.266300000000000000e+04 1.324400000000000000e+04 7.200000286102294922e-01 3.700000047683715820e-01 4.799999892711639404e-01 4.300000071525573730e-01
1.551310312000000000e+09 3.720359800000000000e+08 6.647792000000000000e+06 5.918192000000000000e+06 6.094320000000000000e+06 7.183344000000000000e+06 1.134600000000000000e+04 1.283300000000000000e+04 1.985400000000000000e+04 1.324400000000000000e+04 7.200000286102294922e-01 4.799999892711639404e-01 7.200000286102294922e-01 4.300000071525573730e-01
1.551310312000000000e+09 4.240710730000000000e+08 6.645232000000000000e+06 5.919728000000000000e+06 6.096368000000000000e+06 7.183344000000000000e+06 1.115000000000000000e+04 1.866300000000000000e+04 1.985400000000000000e+04 1.332800000000000000e+04 7.099999785423278809e-01 6.800000071525573730e-01 7.200000286102294922e-01 4.300000071525573730e-01
1.551310312000000000e+09 4.500429630000000000e+08 6.644208000000000000e+06 5.920752000000000000e+06 6.096880000000000000e+06 7.182832000000000000e+06 1.013700000000000000e+04 2.022400000000000000e+04 2.256000000000000000e+04 1.348400000000000000e+04 6.499999761581420898e-01 7.300000190734863281e-01 8.000000119209289551e-01 4.399999976158142090e-01
1.551310312000000000e+09 4.760708800000000000e+08 6.644208000000000000e+06 5.920240000000000000e+06 6.096368000000000000e+06 7.182832000000000000e+06 1.012600000000000000e+04 2.034300000000000000e+04 2.268600000000000000e+04 1.387200000000000000e+04 6.499999761581420898e-01 7.300000190734863281e-01 8.000000119209289551e-01 4.499999880790710449e-01
1.551310312000000000e+09 5.023710720000000000e+08 6.645232000000000000e+06 5.920240000000000000e+06 6.095344000000000000e+06 7.182832000000000000e+06 1.012600000000000000e+04 2.034300000000000000e+04 2.261100000000000000e+04 1.482000000000000000e+04 6.499999761581420898e-01 7.300000190734863281e-01 8.000000119209289551e-01 4.799999892711639404e-01
1.551310312000000000e+09 5.280280110000000000e+08 6.646256000000000000e+06 5.920240000000000000e+06 6.096368000000000000e+06 7.182832000000000000e+06 1.058700000000000000e+04 2.044600000000000000e+04 2.254100000000000000e+04 1.482000000000000000e+04 6.800000071525573730e-01 7.400000095367431641e-01 8.000000119209289551e-01 4.799999892711639404e-01
1.551310312000000000e+09 5.539948940000000000e+08 6.646256000000000000e+06 5.920240000000000000e+06 6.095344000000000000e+06 7.206896000000000000e+06 1.088200000000000000e+04 2.043900000000000000e+04 2.254100000000000000e+04 1.814300000000000000e+04 6.899999976158142090e-01 7.300000190734863281e-01 8.000000119209289551e-01 5.799999833106994629e-01
1.551310312000000000e+09 5.801019660000000000e+08 6.645232000000000000e+06 5.919728000000000000e+06 6.094320000000000000e+06 7.244784000000000000e+06 1.043300000000000000e+04 1.995400000000000000e+04 2.211400000000000000e+04 2.319100000000000000e+04 6.700000166893005371e-01 7.200000286102294922e-01 7.900000214576721191e-01 7.200000286102294922e-01
1.551310312000000000e+09 6.060459610000000000e+08 6.645232000000000000e+06 5.919728000000000000e+06 6.094320000000000000e+06 7.251952000000000000e+06 1.043300000000000000e+04 1.950300000000000000e+04 2.165000000000000000e+04 2.357700000000000000e+04 6.700000166893005371e-01 6.999999880790710449e-01 7.699999809265136719e-01 7.300000190734863281e-01
1.551310312000000000e+09 6.118168830000000000e+08 6.645232000000000000e+06 5.919728000000000000e+06 6.094320000000000000e+06 7.248880000000000000e+06 1.002800000000000000e+04 1.950300000000000000e+04 2.168800000000000000e+04 2.341700000000000000e+04 6.499999761581420898e-01 6.999999880790710449e-01 7.699999809265136719e-01 7.200000286102294922e-01
1.551310312000000000e+09 6.131250850000000000e+08 6.645744000000000000e+06 5.919728000000000000e+06 6.094320000000000000e+06 7.246832000000000000e+06 9.971000000000000000e+03 1.950500000000000000e+04 2.168800000000000000e+04 2.311100000000000000e+04 6.399999856948852539e-01 6.999999880790710449e-01 7.699999809265136719e-01 7.099999785423278809e-01
1.551310312000000000e+09 6.144180290000000000e+08 6.645232000000000000e+06 5.919728000000000000e+06 6.094320000000000000e+06 7.247344000000000000e+06 1.005400000000000000e+04 1.966300000000000000e+04 2.166900000000000000e+04 2.311100000000000000e+04 6.499999761581420898e-01 7.099999785423278809e-01 7.699999809265136719e-01 7.099999785423278809e-01
1.551310312000000000e+09 6.158881180000000000e+08 6.645232000000000000e+06 5.919728000000000000e+06 6.094320000000000000e+06 7.246832000000000000e+06 1.005400000000000000e+04 1.970900000000000000e+04 2.171800000000000000e+04 2.279200000000000000e+04 6.499999761581420898e-01 7.099999785423278809e-01 7.799999713897705078e-01 7.099999785423278809e-01
1.551310312000000000e+09 6.171720020000000000e+08 6.645744000000000000e+06 5.919216000000000000e+06 6.093808000000000000e+06 7.246320000000000000e+06 1.009700000000000000e+04 1.972200000000000000e+04 2.172700000000000000e+04 2.261000000000000000e+04 6.499999761581420898e-01 7.099999785423278809e-01 7.799999713897705078e-01 6.999999880790710449e-01
1.551310312000000000e+09 6.185719960000000000e+08 6.645232000000000000e+06 5.919728000000000000e+06 6.094320000000000000e+06 7.245296000000000000e+06 1.012600000000000000e+04 1.976100000000000000e+04 2.172700000000000000e+04 2.251600000000000000e+04 6.499999761581420898e-01 7.099999785423278809e-01 7.799999713897705078e-01 6.999999880790710449e-01
1.551310312000000000e+09 6.198530190000000000e+08 6.644720000000000000e+06 5.919216000000000000e+06 6.093808000000000000e+06 7.245296000000000000e+06 1.015200000000000000e+04 1.976100000000000000e+04 2.174200000000000000e+04 2.239200000000000000e+04 6.499999761581420898e-01 7.099999785423278809e-01 7.799999713897705078e-01 6.899999976158142090e-01
1.551310312000000000e+09 6.211400030000000000e+08 6.645744000000000000e+06 5.919728000000000000e+06 6.094320000000000000e+06 7.245296000000000000e+06 1.016400000000000000e+04 1.974900000000000000e+04 2.173100000000000000e+04 2.227700000000000000e+04 6.499999761581420898e-01 7.099999785423278809e-01 7.799999713897705078e-01 6.899999976158142090e-01
1.551310312000000000e+09 6.224949350000000000e+08 6.645744000000000000e+06 5.920240000000000000e+06 6.094320000000000000e+06 7.246320000000000000e+06 1.016400000000000000e+04 1.976300000000000000e+04 2.175000000000000000e+04 2.227700000000000000e+04 6.499999761581420898e-01 7.099999785423278809e-01 7.799999713897705078e-01 6.899999976158142090e-01
1.551310312000000000e+09 6.238799090000000000e+08 6.646256000000000000e+06 5.919728000000000000e+06 6.094832000000000000e+06 7.247344000000000000e+06 1.017900000000000000e+04 1.978200000000000000e+04 2.175000000000000000e+04 2.220800000000000000e+04 6.499999761581420898e-01 7.099999785423278809e-01 7.799999713897705078e-01 6.899999976158142090e-01
1.551310312000000000e+09 6.251020430000000000e+08 6.646256000000000000e+06 5.919728000000000000e+06 6.094832000000000000e+06 7.247856000000000000e+06 1.021200000000000000e+04 1.979900000000000000e+04 2.176000000000000000e+04 2.212100000000000000e+04 6.600000262260437012e-01 7.099999785423278809e-01 7.799999713897705078e-01 6.899999976158142090e-01
1.551310312000000000e+09 6.263461110000000000e+08 6.646256000000000000e+06 5.919728000000000000e+06 6.094320000000000000e+06 7.247856000000000000e+06 1.024600000000000000e+04 1.979900000000000000e+04 2.175600000000000000e+04 2.205300000000000000e+04 6.600000262260437012e-01 7.099999785423278809e-01 7.799999713897705078e-01 6.800000071525573730e-01
1.551310312000000000e+09 6.275899410000000000e+08 6.645744000000000000e+06 5.919728000000000000e+06 6.093296000000000000e+06 7.246320000000000000e+06 1.024600000000000000e+04 1.978300000000000000e+04 2.176500000000000000e+04 2.207300000000000000e+04 6.600000262260437012e-01 7.099999785423278809e-01 7.799999713897705078e-01 6.899999976158142090e-01
1.551310312000000000e+09 6.286540030000000000e+08 6.646256000000000000e+06 5.920240000000000000e+06 6.093808000000000000e+06 7.245808000000000000e+06 1.026800000000000000e+04 1.978100000000000000e+04 2.176500000000000000e+04 2.207300000000000000e+04 6.600000262260437012e-01 7.099999785423278809e-01 7.799999713897705078e-01 6.899999976158142090e-01
1.551310312000000000e+09 6.299259660000000000e+08 6.645744000000000000e+06 5.919728000000000000e+06 6.094320000000000000e+06 7.245808000000000000e+06 1.030000000000000000e+04 1.976500000000000000e+04 2.170200000000000000e+04 2.206100000000000000e+04 6.600000262260437012e-01 7.099999785423278809e-01 7.699999809265136719e-01 6.800000071525573730e-01
1.551310312000000000e+09 6.312720770000000000e+08 6.645744000000000000e+06 5.920240000000000000e+06 6.094832000000000000e+06 7.246832000000000000e+06 1.027400000000000000e+04 1.980500000000000000e+04 2.176400000000000000e+04 2.200100000000000000e+04 6.600000262260437012e-01 7.099999785423278809e-01 7.799999713897705078e-01 6.800000071525573730e-01
1.551310312000000000e+09 6.323580740000000000e+08 6.645744000000000000e+06 5.919728000000000000e+06 6.094320000000000000e+06 7.247856000000000000e+06 1.027400000000000000e+04 1.980500000000000000e+04 2.173900000000000000e+04 2.191100000000000000e+04 6.600000262260437012e-01 7.099999785423278809e-01 7.799999713897705078e-01 6.800000071525573730e-01
1.551310312000000000e+09 6.334419250000000000e+08 6.646256000000000000e+06 5.920240000000000000e+06 6.094832000000000000e+06 7.248880000000000000e+06 1.032500000000000000e+04 1.976500000000000000e+04 2.173900000000000000e+04 2.186200000000000000e+04 6.600000262260437012e-01 7.099999785423278809e-01 7.799999713897705078e-01 6.800000071525573730e-01
1.551310312000000000e+09 6.345059870000000000e+08 6.646256000000000000e+06 5.920240000000000000e+06 6.094320000000000000e+06 7.249392000000000000e+06 1.032900000000000000e+04 1.977300000000000000e+04 2.173900000000000000e+04 2.190000000000000000e+04 6.600000262260437012e-01 7.099999785423278809e-01 7.799999713897705078e-01 6.800000071525573730e-01
1.551310312000000000e+09 6.356129640000000000e+08 6.646256000000000000e+06 5.920240000000000000e+06 6.094320000000000000e+06 7.249392000000000000e+06 1.032500000000000000e+04 1.979000000000000000e+04 2.173200000000000000e+04 2.190000000000000000e+04 6.600000262260437012e-01 7.099999785423278809e-01 7.799999713897705078e-01 6.800000071525573730e-01
1.551310312000000000e+09 6.367719170000000000e+08 6.645744000000000000e+06 5.920240000000000000e+06 6.094320000000000000e+06 7.249392000000000000e+06 1.032500000000000000e+04 1.967400000000000000e+04 2.175400000000000000e+04 2.190800000000000000e+04 6.600000262260437012e-01 7.099999785423278809e-01 7.799999713897705078e-01 6.800000071525573730e-01
1.551310312000000000e+09 6.379311080000000000e+08 6.646256000000000000e+06 5.920240000000000000e+06 6.094320000000000000e+06 7.248880000000000000e+06 1.031500000000000000e+04 1.976400000000000000e+04 2.172800000000000000e+04 2.194400000000000000e+04 6.600000262260437012e-01 7.099999785423278809e-01 7.799999713897705078e-01 6.800000071525573730e-01
1.551310312000000000e+09 6.392960540000000000e+08 6.646256000000000000e+06 5.920240000000000000e+06 6.094320000000000000e+06 7.248880000000000000e+06 1.028500000000000000e+04 1.976400000000000000e+04 2.172800000000000000e+04 2.195700000000000000e+04 6.600000262260437012e-01 7.099999785423278809e-01 7.799999713897705078e-01 6.800000071525573730e-01
1.551310312000000000e+09 6.406319140000000000e+08 6.645744000000000000e+06 5.920240000000000000e+06 6.094320000000000000e+06 7.248880000000000000e+06 1.029400000000000000e+04 1.976200000000000000e+04 2.173500000000000000e+04 2.189000000000000000e+04 6.600000262260437012e-01 7.099999785423278809e-01 7.799999713897705078e-01 6.800000071525573730e-01
1.551310312000000000e+09 6.419730180000000000e+08 6.646256000000000000e+06 5.919728000000000000e+06 6.094320000000000000e+06 7.247856000000000000e+06 1.029400000000000000e+04 1.976100000000000000e+04 2.171100000000000000e+04 2.182900000000000000e+04 6.600000262260437012e-01 7.099999785423278809e-01 7.699999809265136719e-01 6.800000071525573730e-01
1.551310312000000000e+09 6.433720580000000000e+08 6.646256000000000000e+06 5.920240000000000000e+06 6.094832000000000000e+06 7.247344000000000000e+06 1.031800000000000000e+04 1.974400000000000000e+04 2.170000000000000000e+04 2.182900000000000000e+04 6.600000262260437012e-01 7.099999785423278809e-01 7.699999809265136719e-01 6.800000071525573730e-01
1.551310312000000000e+09 6.446061130000000000e+08 6.646256000000000000e+06 5.920240000000000000e+06 6.094320000000000000e+06 7.246832000000000000e+06 1.032000000000000000e+04 1.972800000000000000e+04 2.170000000000000000e+04 2.183600000000000000e+04 6.600000262260437012e-01 7.099999785423278809e-01 7.699999809265136719e-01 6.800000071525573730e-01
1.551310312000000000e+09 6.459140770000000000e+08 6.645744000000000000e+06 5.919728000000000000e+06 6.094320000000000000e+06 7.245808000000000000e+06 1.032600000000000000e+04 1.972800000000000000e+04 2.168800000000000000e+04 2.181600000000000000e+04 6.600000262260437012e-01 7.099999785423278809e-01 7.699999809265136719e-01 6.800000071525573730e-01
1.551310312000000000e+09 6.473069190000000000e+08 6.645744000000000000e+06 5.920240000000000000e+06 6.094832000000000000e+06 7.245808000000000000e+06 1.032600000000000000e+04 1.971900000000000000e+04 2.168900000000000000e+04 2.182100000000000000e+04 6.600000262260437012e-01 7.099999785423278809e-01 7.699999809265136719e-01 6.800000071525573730e-01
1.551310312000000000e+09 6.486229890000000000e+08 6.646256000000000000e+06 5.920240000000000000e+06 6.094320000000000000e+06 7.243760000000000000e+06 1.033400000000000000e+04 1.971900000000000000e+04 2.190000000000000000e+04 2.185100000000000000e+04 6.600000262260437012e-01 7.099999785423278809e-01 7.799999713897705078e-01 6.800000071525573730e-01
1.551310312000000000e+09 6.499030590000000000e+08 6.646256000000000000e+06 5.920240000000000000e+06 6.095344000000000000e+06 7.240176000000000000e+06 1.033700000000000000e+04 1.985800000000000000e+04 2.190000000000000000e+04 2.185100000000000000e+04 6.600000262260437012e-01 7.200000286102294922e-01 7.799999713897705078e-01 6.800000071525573730e-01
1.551310312000000000e+09 6.512160300000000000e+08 6.646256000000000000e+06 5.920240000000000000e+06 6.096368000000000000e+06 7.235056000000000000e+06 1.023900000000000000e+04 2.008000000000000000e+04 2.209700000000000000e+04 2.169400000000000000e+04 6.600000262260437012e-01 7.200000286102294922e-01 7.900000214576721191e-01 6.700000166893005371e-01
